r_coor, energy,   site, dn,      x,      y,      z, index
 5.386, -2.260,  Li_i2, 1D, -2.192,  3.178,  3.755,    24
 5.513, -2.257,   none, 1D, -2.291,  3.165,  3.833,    24
 5.594, -2.241,   none, 1D, -2.311,  3.152,  3.912,    24
 5.676, -2.211,   none, 1D, -2.330,  3.139,  3.990,    24
 5.790, -2.168,   none, 1D, -2.389,  3.196,  4.068,    24
 5.871, -2.122,   none, 1D, -2.409,  3.183,  4.146,    24
 5.953, -2.069,   none, 1D, -2.428,  3.170,  4.225,    24
 6.035, -2.012,   none, 1D, -2.448,  3.156,  4.303,    24
 6.117, -1.952,   none, 1D, -2.468,  3.143,  4.381,    24
 6.216, -1.902,   none, 1D, -2.448,  3.201,  4.459,    24
 6.298, -1.858,   none, 1D, -2.467,  3.187,  4.538,    24
 6.379, -1.822,   none, 1D, -2.487,  3.174,  4.616,    24
 6.461, -1.796,   none, 1D, -2.507,  3.161,  4.694,    24
 6.543, -1.780,   none, 1D, -2.527,  3.148,  4.772,    24
 6.642, -1.776, saddle, 1D, -2.506,  3.205,  4.851,    24
 6.724, -1.793,   none, 1D, -2.526,  3.192,  4.929,    24
 6.805, -1.820,   none, 1D, -2.546,  3.178,  5.007,    24
 6.887, -1.854,   none, 1D, -2.566,  3.165,  5.085,    24
 7.001, -1.896,   none, 1D, -2.624,  3.223,  5.163,    24
 7.082, -1.946,   none, 1D, -2.644,  3.209,  5.242,    24
 7.164, -1.994,   none, 1D, -2.664,  3.196,  5.320,    24
 7.246, -2.036,   none, 1D, -2.683,  3.183,  5.398,    24
 7.328, -2.068,   none, 1D, -2.703,  3.170,  5.476,    24
 7.427, -2.088,   none, 1D, -2.683,  3.227,  5.555,    24
 7.508, -2.092,    Li4, 1D, -2.703,  3.214,  5.633,    42
 7.589, -2.084,   none, 1D, -2.742,  3.284,  5.633,    42
 7.670, -2.070,   none, 1D, -2.702,  3.355,  5.633,    42
 7.751, -2.044,   none, 1D, -2.741,  3.426,  5.633,    42
 7.850, -2.025,   none, 1D, -2.721,  3.483,  5.711,    42
 7.931, -2.000,   none, 1D, -2.760,  3.554,  5.711,    42
 8.012, -1.971,   none, 1D, -2.800,  3.624,  5.711,    42
 8.111, -1.954,   none, 1D, -2.780,  3.682,  5.789,    42
 8.191, -1.940,   none, 1D, -2.819,  3.752,  5.789,    42
 8.272, -1.930,   none, 1D, -2.858,  3.823,  5.789,    42
 8.353, -1.925, saddle, 1D, -2.897,  3.894,  5.789,    42
 8.434, -1.930,   none, 1D, -2.857,  3.964,  5.789,    42
 8.548, -1.945,   none, 1D, -2.916,  4.022,  5.868,    42
 8.628, -1.967,   none, 1D, -2.955,  4.092,  5.868,    42
 8.709, -1.993,   none, 1D, -2.916,  4.163,  5.868,    42
 8.790, -2.026,   none, 1D, -2.955,  4.233,  5.868,    42
 8.871, -2.060,   none, 1D, -2.994,  4.304,  5.868,    42
 8.952, -2.093,   none, 1D, -3.033,  4.375,  5.868,    42
 9.032, -2.121,   none, 1D, -3.072,  4.445,  5.868,    42
 9.113, -2.143,   none, 1D, -3.111,  4.516,  5.868,    42
 9.212, -2.157,  Li_i5, 1D, -3.091,  4.573,  5.946,    74
 9.293, -2.148,   none, 1D, -3.052,  4.644,  5.946,    74
 9.392, -2.127,   none, 1D, -2.992,  4.631,  6.024,    74
 9.471, -2.095,   none, 1D, -2.913,  4.631,  6.024,    74
 9.570, -2.065,   none, 1D, -2.893,  4.688,  6.102,    74
 9.669, -2.033,   none, 1D, -2.834,  4.675,  6.180,    74
 9.768, -2.000,   none, 1D, -2.775,  4.662,  6.259,    74
 9.867, -1.968,   none, 1D, -2.716,  4.648,  6.337,    74
 9.966, -1.937,   none, 1D, -2.656,  4.635,  6.415,    74
10.066, -1.914,   none, 1D, -2.636,  4.693,  6.493,    74
10.165, -1.891,   none, 1D, -2.577,  4.679,  6.572,    74
10.264, -1.867,   none, 1D, -2.518,  4.666,  6.650,    74
10.363, -1.850,   none, 1D, -2.498,  4.724,  6.728,    74
10.444, -1.835,   none, 1D, -2.517,  4.710,  6.806,    74
10.543, -1.817,   none, 1D, -2.458,  4.697,  6.885,    74
10.657, -1.805,   none, 1D, -2.517,  4.754,  6.963,    74
10.756, -1.797,   none, 1D, -2.458,  4.741,  7.041,    74
10.838, -1.788, saddle, 1D, -2.477,  4.728,  7.119,    74
10.937, -1.789,   none, 1D, -2.457,  4.785,  7.198,    74
11.019, -1.792,   none, 1D, -2.477,  4.772,  7.276,    74
11.132, -1.804,   none, 1D, -2.536,  4.829,  7.354,    74
11.214, -1.817,   none, 1D, -2.556,  4.816,  7.432,    74
11.327, -1.838,   none, 1D, -2.614,  4.874,  7.510,    74
11.409, -1.864,   none, 1D, -2.634,  4.860,  7.589,    74
11.523, -1.896,   none, 1D, -2.693,  4.918,  7.667,    74
11.604, -1.929,   none, 1D, -2.713,  4.905,  7.745,    74
11.718, -1.965,   none, 1D, -2.772,  4.962,  7.823,    74
11.800, -1.994,   none, 1D, -2.791,  4.949,  7.902,    74
11.913, -2.015,   none, 1D, -2.850,  5.006,  7.980,    74
11.995, -2.019,    Li7, 1D, -2.870,  4.993,  8.058,    51
12.076, -2.011,   none, 1D, -2.910,  4.922,  8.058,    51
12.155, -1.996,   none, 1D, -2.989,  4.922,  8.058,    51
12.254, -1.971,   none, 1D, -3.048,  4.935,  7.980,    51
12.333, -1.938,   none, 1D, -3.127,  4.935,  7.980,    51
12.470, -1.901,   none, 1D, -3.245,  5.006,  7.980,    51
12.549, -1.867,   none, 1D, -3.324,  5.006,  7.980,    51
12.628, -1.836,   none, 1D, -3.403,  5.006,  7.980,    51
12.707, -1.811,   none, 1D, -3.482,  5.006,  7.980,    51
12.786, -1.792,   none, 1D, -3.561,  5.006,  7.980,    51
12.924, -1.787, saddle, 1D, -3.679,  5.077,  7.980,    51
13.003, -1.798,   none, 1D, -3.758,  5.077,  7.980,    51
13.082, -1.818,   none, 1D, -3.837,  5.077,  7.980,    51
13.161, -1.846,   none, 1D, -3.916,  5.077,  7.980,    51
13.298, -1.888,   none, 1D, -4.034,  5.147,  7.980,    51
13.377, -1.933,   none, 1D, -4.113,  5.147,  7.980,    51
13.456, -1.976,   none, 1D, -4.192,  5.147,  7.980,    51
13.594, -2.014,   none, 1D, -4.310,  5.218,  7.980,    51
13.693, -2.047,   none, 1D, -4.330,  5.161,  7.902,    51
13.772, -2.071,   none, 1D, -4.409,  5.161,  7.902,    51
13.851, -2.077,  Li_i1, 1D, -4.488,  5.161,  7.902,    36
13.932, -2.064,   none, 1D, -4.527,  5.231,  7.902,    36
14.031, -2.046,   none, 1D, -4.507,  5.289,  7.980,    36
14.111, -2.021,   none, 1D, -4.546,  5.359,  7.980,    36
14.192, -1.992,   none, 1D, -0.824, -1.350,  7.980,    36
14.273, -1.961,   none, 1D, -0.863, -1.280,  7.980,    36
14.386, -1.934,   none, 1D, -0.922, -1.222,  8.058,    36
14.467, -1.915,   none, 1D, -0.961, -1.152,  8.058,    36
14.548, -1.902,   none, 1D, -0.922, -1.081,  8.058,    36
14.629, -1.894,   none, 1D, -0.961, -1.010,  8.058,    36
14.710, -1.890, saddle, 1D, -1.000, -0.940,  8.058,    36
14.823, -1.896,   none, 1D, -1.059, -0.882,  8.136,    36
14.904, -1.905,   none, 1D, -1.098, -0.812,  8.136,    36
14.985, -1.914,   none, 1D, -1.058, -0.741,  8.136,    36
15.066, -1.929,   none, 1D, -1.097, -0.670,  8.136,    36
15.147, -1.941,   none, 1D, -1.137, -0.600,  8.136,    36
15.260, -1.948,   none, 1D, -1.196, -0.542,  8.215,    36
15.341, -1.960,   none, 1D, -1.156, -0.472,  8.215,    36
15.422, -1.960,    Li5, 1D, -1.116, -0.401,  8.215,    60
15.503, -1.952,   none, 1D, -1.076, -0.331,  8.215,    60
15.584, -1.936,   none, 1D, -1.036, -0.260,  8.215,    60
15.665, -1.915,   none, 1D, -0.997, -0.189,  8.215,    60
15.764, -1.891,   none, 1D, -0.977, -0.132,  8.293,    60
15.845, -1.869,   none, 1D, -0.937, -0.061,  8.293,    60
15.924, -1.852,   none, 1D, -0.858, -0.061,  8.293,    60
16.005, -1.837,   none, 1D, -0.818,  0.009,  8.293,    60
16.086, -1.824,   none, 1D, -0.778,  0.080,  8.293,    60
16.168, -1.814,   none, 1D, -0.739,  0.151,  8.293,    60
16.249, -1.808, saddle, 1D, -0.699,  0.221,  8.293,    60
16.348, -1.815,   none, 1D, -0.640,  0.208,  8.371,    60
16.429, -1.830,   none, 1D, -0.600,  0.279,  8.371,    60
16.510, -1.847,   none, 1D, -0.560,  0.349,  8.371,    60
16.589, -1.871,   none, 1D, -0.481,  0.349,  8.371,    60
16.670, -1.903,   none, 1D, -0.441,  0.420,  8.371,    60
16.751, -1.935,   none, 1D, -0.402,  0.490,  8.371,    60
16.832, -1.967,   none, 1D, -0.362,  0.561,  8.371,    60
16.931, -2.010,   none, 1D, -0.302,  0.548,  8.449,    60
17.012, -2.049,   none, 1D, -0.263,  0.618,  8.449,    60
17.093, -2.084,   none, 1D, -0.223,  0.689,  8.449,    60
17.172, -2.116,   none, 1D, -0.144,  0.689,  8.449,    60
17.271, -2.147,   none, 1D, -0.124,  0.746,  8.528,    60
17.350, -2.168,   none, 1D, -0.045,  0.746,  8.528,    60
17.431, -2.184,   none, 1D, -0.005,  0.817,  8.528,    60
17.510, -2.188,  Li_i7, 1D,  0.074,  0.817,  8.528,    90
17.592, -2.179,   none, 1D,  0.054,  0.804,  8.606,    90
17.673, -2.156,   none, 1D,  0.034,  0.791,  8.684,    90
17.787, -2.125,   none, 1D, -0.025,  0.848,  8.762,    90
17.869, -2.084,   none, 1D, -0.044,  0.835,  8.840,    90
17.950, -2.034,   none, 1D, -0.064,  0.822,  8.919,    90
18.050, -1.981,   none, 1D, -0.044,  0.879,  8.997,    90
18.131, -1.933,   none, 1D, -0.064,  0.866,  9.075,    90
18.213, -1.883,   none, 1D, -0.083,  0.852,  9.153,    90
18.295, -1.833,   none, 1D, -0.103,  0.839,  9.232,    90
18.408, -1.792,   none, 1D, -0.162,  0.897,  9.310,    90
18.507, -1.767,   none, 1D,  2.260,  2.472,  0.000,    90
18.589, -1.748,   none, 1D,  2.241,  2.459,  0.078,    90
18.703, -1.744, saddle, 1D,  2.182,  2.516,  0.156,    90
18.784, -1.753,   none, 1D,  2.162,  2.503,  0.235,    90
18.866, -1.768,   none, 1D,  2.142,  2.490,  0.313,    90
18.948, -1.788,   none, 1D,  2.123,  2.476,  0.391,    90
19.047, -1.825,   none, 1D,  2.143,  2.534,  0.469,    90
19.129, -1.862,   none, 1D,  2.123,  2.521,  0.548,    90
19.210, -1.896,   none, 1D,  2.103,  2.507,  0.626,    90
19.324, -1.933,   none, 1D,  2.045,  2.565,  0.704,    90
19.406, -1.963,   none, 1D,  2.025,  2.551,  0.782,    90
19.487, -1.981,   none, 1D,  2.005,  2.538,  0.861,    90
19.586, -1.986,   Li10, 1D,  2.025,  2.596,  0.939,   102
19.667, -1.977,   none, 1D,  1.986,  2.666,  0.939,   102
19.766, -1.954,   none, 1D,  2.006,  2.724,  1.017,   102
19.847, -1.936,   none, 1D,  1.967,  2.794,  1.017,   102
19.928, -1.913,   none, 1D,  1.928,  2.865,  1.017,   102
20.009, -1.886,   none, 1D,  1.889,  2.935,  1.017,   102
20.090, -1.860,   none, 1D,  1.928,  3.006,  1.017,   102
20.203, -1.843,   none, 1D,  1.870,  3.063,  1.095,   102
20.284, -1.829,   none, 1D,  1.830,  3.134,  1.095,   102
20.365, -1.820,   none, 1D,  1.791,  3.205,  1.095,   102
20.446, -1.816, saddle, 1D,  1.831,  3.275,  1.095,   102
20.526, -1.823,   none, 1D,  1.792,  3.346,  1.095,   102
20.607, -1.836,   none, 1D,  1.753,  3.417,  1.095,   102
20.688, -1.854,   none, 1D,  1.713,  3.487,  1.095,   102
20.769, -1.877,   none, 1D,  1.674,  3.558,  1.095,   102
20.850, -1.904,   none, 1D,  1.635,  3.628,  1.095,   102
20.930, -1.935,   none, 1D,  1.596,  3.699,  1.095,   102
21.047, -1.970,   none, 1D,  1.576,  3.783,  1.017,   102
21.127, -2.007,   none, 1D,  1.537,  3.854,  1.017,   102
21.208, -2.043,   none, 1D,  1.498,  3.924,  1.017,   102
21.289, -2.077,   none, 1D,  1.459,  3.995,  1.017,   102
21.405, -2.111,   none, 1D,  1.439,  4.079,  0.939,   102
21.486, -2.140,   none, 1D,  1.400,  4.149,  0.939,   102
21.615, -2.165,   none, 1D,  1.460,  4.233,  0.861,   102
21.696, -2.183,   none, 1D,  1.420,  4.304,  0.861,   102
21.777, -2.188,  Li_i7, 1D,  1.381,  4.374,  0.861,   128
21.856, -2.184,   none, 1D,  1.460,  4.374,  0.861,   128
21.937, -2.168,   none, 1D,  1.500,  4.445,  0.861,   128
22.016, -2.147,   none, 1D,  1.579,  4.445,  0.861,   128
22.115, -2.116,   none, 1D,  1.599,  4.502,  0.939,   128
22.194, -2.084,   none, 1D,  1.678,  4.502,  0.939,   128
22.275, -2.049,   none, 1D,  1.718,  4.573,  0.939,   128
22.356, -2.010,   none, 1D,  1.758,  4.644,  0.939,   128
22.455, -1.967,   none, 1D,  1.817,  4.630,  1.017,   128
22.536, -1.935,   none, 1D,  1.857,  4.701,  1.017,   128
22.617, -1.903,   none, 1D,  1.896,  4.772,  1.017,   128
22.698, -1.871,   none, 1D,  1.936,  4.842,  1.017,   128
22.777, -1.847,   none, 1D,  2.015,  4.842,  1.017,   128
22.858, -1.830,   none, 1D,  2.055,  4.913,  1.017,   128
22.939, -1.815,   none, 1D,  2.095,  4.984,  1.017,   128
23.038, -1.808, saddle, 1D,  2.154,  4.970,  1.095,   128
23.119, -1.814,   none, 1D,  2.194,  5.041,  1.095,   128
23.200, -1.824,   none, 1D,  2.233,  5.112,  1.095,   128
23.281, -1.837,   none, 1D,  2.273,  5.182,  1.095,   128
23.362, -1.852,   none, 1D,  2.313,  5.253,  1.095,   128
23.441, -1.869,   none, 1D,  2.392,  5.253,  1.095,   128
23.522, -1.891,   none, 1D,  2.432,  5.324,  1.095,   128
23.621, -1.915,   none, 1D,  2.452,  5.381,  1.174,   128
23.702, -1.936,   none, 1D,  2.491,  5.452,  1.174,   128
23.783, -1.952,   none, 1D,  2.531,  5.522,  1.174,   128
23.865, -1.960,    Li5, 1D,  2.571,  5.593,  1.174,   152
23.946, -1.960,   none, 1D,  2.611,  5.663,  1.174,   152
24.027, -1.948,   none, 1D,  2.651,  5.734,  1.174,   152
24.140, -1.941,   none, 1D,  2.592,  5.791,  1.252,   152
24.221, -1.929,   none, 1D,  2.552,  5.862,  1.252,   152
24.302, -1.914,   none, 1D,  2.513,  5.933,  1.252,   152
24.383, -1.905,   none, 1D,  2.553,  6.003,  1.252,   152
24.463, -1.896,   none, 1D,  2.514,  6.074,  1.252,   152
24.577, -1.890, saddle, 1D,  2.455,  6.131,  1.330,   152
24.658, -1.894,   none, 1D,  2.416,  6.202,  1.330,   152
24.738, -1.902,   none, 1D,  2.377,  6.273,  1.330,   152
24.820, -1.915,   none, 1D,  2.416,  6.343,  1.330,   152
24.900, -1.934,   none, 1D,  2.377,  6.414,  1.330,   152
25.014, -1.961,   none, 1D,  2.318,  6.471,  1.408,   152
25.095, -1.992,   none, 1D,  6.040, -0.238,  1.408,   152
25.175, -2.021,   none, 1D,  6.001, -0.168,  1.408,   152
25.256, -2.046,   none, 1D,  5.962, -0.097,  1.408,   152
25.355, -2.064,   none, 1D,  5.982, -0.040,  1.486,   152
25.436, -2.077,  Li_i1, 1D,  5.943,  0.031,  1.486,   139
25.515, -2.071,   none, 1D,  5.864,  0.031,  1.486,   139
25.594, -2.047,   none, 1D,  5.785,  0.031,  1.486,   139
25.693, -2.014,   none, 1D,  5.765, -0.026,  1.408,   139
25.831, -1.976,   none, 1D,  5.647,  0.044,  1.408,   139
25.909, -1.933,   none, 1D,  5.568,  0.044,  1.408,   139
25.988, -1.888,   none, 1D,  5.489,  0.044,  1.408,   139
26.126, -1.846,   none, 1D,  5.371,  0.115,  1.408,   139
26.205, -1.818,   none, 1D,  5.292,  0.115,  1.408,   139
26.284, -1.798,   none, 1D,  5.213,  0.115,  1.408,   139
26.363, -1.787, saddle, 1D,  5.134,  0.115,  1.408,   139
26.501, -1.792,   none, 1D,  5.016,  0.185,  1.408,   139
26.579, -1.811,   none, 1D,  4.937,  0.185,  1.408,   139
26.658, -1.836,   none, 1D,  4.858,  0.185,  1.408,   139
26.737, -1.867,   none, 1D,  4.779,  0.185,  1.408,   139
26.816, -1.901,   none, 1D,  4.700,  0.185,  1.408,   139
26.954, -1.938,   none, 1D,  4.582,  0.256,  1.408,   139
27.033, -1.971,   none, 1D,  4.503,  0.256,  1.408,   139
27.132, -1.996,   none, 1D,  4.444,  0.269,  1.330,   139
27.211, -2.011,   none, 1D,  4.365,  0.269,  1.330,   139
27.292, -2.019,    Li7, 1D,  4.325,  0.199,  1.330,   114
27.374, -2.015,   none, 1D,  4.305,  0.185,  1.408,   114
27.487, -1.994,   none, 1D,  4.246,  0.243,  1.486,   114
27.569, -1.965,   none, 1D,  4.227,  0.230,  1.565,   114
27.682, -1.929,   none, 1D,  4.168,  0.287,  1.643,   114
27.764, -1.896,   none, 1D,  4.148,  0.274,  1.721,   114
27.878, -1.864,   none, 1D,  4.089,  0.331,  1.799,   114
27.959, -1.838,   none, 1D,  4.069,  0.318,  1.878,   114
28.073, -1.817,   none, 1D,  4.011,  0.375,  1.956,   114
28.155, -1.804,   none, 1D,  3.991,  0.362,  2.034,   114
28.268, -1.792,   none, 1D,  3.932,  0.419,  2.112,   114
28.350, -1.789,   none, 1D,  3.912,  0.406,  2.191,   114
28.449, -1.788, saddle, 1D,  3.932,  0.464,  2.269,   114
28.531, -1.797,   none, 1D,  3.913,  0.450,  2.347,   114
28.630, -1.805,   none, 1D,  3.972,  0.437,  2.425,   114
28.743, -1.817,   none, 1D,  3.913,  0.495,  2.503,   114
28.842, -1.835,   none, 1D,  3.972,  0.481,  2.582,   114
28.924, -1.850,   none, 1D,  3.953,  0.468,  2.660,   114
29.023, -1.867,   none, 1D,  3.973,  0.525,  2.738,   114
29.122, -1.891,   none, 1D,  4.032,  0.512,  2.816,   114
29.221, -1.914,   none, 1D,  4.091,  0.499,  2.895,   114
29.320, -1.937,   none, 1D,  4.111,  0.556,  2.973,   114
29.419, -1.968,   none, 1D,  4.171,  0.543,  3.051,   114
29.518, -2.000,   none, 1D,  4.230,  0.530,  3.129,   114
29.617, -2.033,   none, 1D,  4.289,  0.517,  3.208,   114
29.716, -2.065,   none, 1D,  4.348,  0.503,  3.286,   114
29.815, -2.095,   none, 1D,  4.368,  0.561,  3.364,   114
29.894, -2.127,   none, 1D,  4.447,  0.561,  3.364,   114
29.993, -2.148,   none, 1D,  4.507,  0.548,  3.442,   114
30.074, -2.157,  Li_i5, 1D,  4.546,  0.618,  3.442,   146
30.174, -2.143,   none, 1D,  4.567,  0.676,  3.521,   146
30.254, -2.121,   none, 1D,  4.527,  0.746,  3.521,   146
30.335, -2.093,   none, 1D,  4.488,  0.817,  3.521,   146
30.416, -2.060,   none, 1D,  4.449,  0.887,  3.521,   146
30.497, -2.026,   none, 1D,  4.410,  0.958,  3.521,   146
30.577, -1.993,   none, 1D,  4.371,  1.029,  3.521,   146
30.658, -1.967,   none, 1D,  4.410,  1.099,  3.521,   146
30.739, -1.945,   none, 1D,  4.371,  1.170,  3.521,   146
30.853, -1.930,   none, 1D,  4.312,  1.227,  3.599,   146
30.934, -1.925, saddle, 1D,  4.352,  1.298,  3.599,   146
31.014, -1.930,   none, 1D,  4.313,  1.369,  3.599,   146
31.095, -1.940,   none, 1D,  4.274,  1.439,  3.599,   146
31.176, -1.954,   none, 1D,  4.235,  1.510,  3.599,   146
31.275, -1.971,   none, 1D,  4.255,  1.567,  3.677,   146
31.356, -2.000,   none, 1D,  4.215,  1.638,  3.677,   146
31.437, -2.025,   none, 1D,  4.176,  1.708,  3.677,   146
31.536, -2.044,   none, 1D,  4.196,  1.766,  3.755,   146
31.616, -2.070,   none, 1D,  4.157,  1.836,  3.755,   146
31.697, -2.084,   none, 1D,  4.197,  1.907,  3.755,   146
31.778, -2.092,    Li4, 1D,  4.158,  1.978,  3.755,   176
31.877, -2.086,   none, 1D,  4.178,  2.035,  3.833,   176
31.956, -2.068,   none, 1D,  4.257,  2.035,  3.833,   176
32.037, -2.047,   none, 1D,  4.297,  2.106,  3.833,   176
32.118, -2.020,   none, 1D,  4.336,  2.176,  3.833,   176
32.248, -1.992,   none, 1D,  4.396,  2.260,  3.755,   176
32.329, -1.966,   none, 1D,  4.436,  2.331,  3.755,   176
32.410, -1.942,   none, 1D,  4.475,  2.402,  3.755,   176
32.489, -1.930,   none, 1D,  4.554,  2.402,  3.755,   176
32.570, -1.926, saddle, 1D,  4.594,  2.472,  3.755,   176
32.651, -1.927,   none, 1D,  4.634,  2.543,  3.755,   176
32.732, -1.933,   none, 1D,  4.674,  2.613,  3.755,   176
32.811, -1.945,   none, 1D,  4.753,  2.613,  3.755,   176
32.892, -1.973,   none, 1D, -2.786,  2.684,  3.755,   176
32.973, -2.003,   none, 1D, -2.747,  2.755,  3.755,   176
33.054, -2.035,   none, 1D, -2.707,  2.825,  3.755,   176
33.135, -2.067,   none, 1D, -2.667,  2.896,  3.755,   176
33.214, -2.107,   none, 1D, -2.588,  2.896,  3.755,   176
33.295, -2.144,   none, 1D, -2.548,  2.967,  3.755,   176
33.376, -2.177,   none, 1D, -2.509,  3.037,  3.755,   176
33.455, -2.206,   none, 1D, -2.430,  3.037,  3.755,   176
33.536, -2.232,   none, 1D, -2.390,  3.108,  3.755,   176
33.615, -2.247,   none, 1D, -2.311,  3.108,  3.755,   176
33.696, -2.258,   none, 1D, -2.271,  3.178,  3.755,   176
34.742, -2.260,    Li6, 2D, -1.285,  3.019,  3.442,    84
34.821, -2.258,   none, 2D, -1.206,  3.019,  3.442,    84
34.902, -2.248,   none, 2D, -1.167,  3.090,  3.442,    84
34.981, -2.228,   none, 2D, -1.088,  3.090,  3.442,    84
35.062, -2.203,   none, 2D, -1.048,  3.161,  3.442,    84
35.143, -2.169,   none, 2D, -1.008,  3.231,  3.442,    84
35.224, -2.128,   none, 2D, -0.968,  3.302,  3.442,    84
35.303, -2.085,   none, 2D, -0.890,  3.302,  3.442,    84
35.384, -2.039,   none, 2D, -0.850,  3.373,  3.442,    84
35.466, -1.991,   none, 2D, -0.810,  3.443,  3.442,    84
35.547, -1.941,   none, 2D, -0.770,  3.514,  3.442,    84
35.628, -1.891,   none, 2D, -0.730,  3.584,  3.442,    84
35.709, -1.843,   none, 2D, -0.691,  3.655,  3.442,    84
35.838, -1.801,   none, 2D, -0.631,  3.739,  3.364,    84
35.919, -1.769,   none, 2D, -0.591,  3.810,  3.364,    84
36.000, -1.745,   none, 2D, -0.552,  3.880,  3.364,    84
36.081, -1.727,   none, 2D, -0.512,  3.951,  3.364,    84
36.162, -1.716,   none, 2D, -0.472,  4.021,  3.364,    84
36.243, -1.710,   none, 2D, -0.432,  4.092,  3.364,    84
36.324, -1.708,   none, 2D, -0.393,  4.163,  3.364,    84
36.453, -1.708,   none, 2D, -0.333,  4.247,  3.286,    84
36.534, -1.705,   none, 2D, -0.293,  4.317,  3.286,    84
36.634, -1.695,   none, 2D, -0.273,  4.375,  3.364,    84
36.714, -1.689,   none, 2D, -0.312,  4.445,  3.364,    84
36.795, -1.678,   none, 2D, -0.273,  4.516,  3.364,    84
36.876, -1.669,   none, 2D, -0.312,  4.586,  3.364,    84
36.957, -1.654,   none, 2D, -0.272,  4.657,  3.364,    84
37.038, -1.652,   none, 2D, -0.311,  4.728,  3.364,    84
37.119, -1.647, saddle, 2D, -0.350,  4.798,  3.364,    84
37.218, -1.653,   none, 2D, -0.330,  4.856,  3.442,    84
37.299, -1.669,   none, 2D, -0.370,  4.926,  3.442,    84
37.379, -1.688,   none, 2D, -0.409,  4.997,  3.442,    84
37.460, -1.712,   none, 2D, -0.448,  5.068,  3.442,    84
37.541, -1.748,   none, 2D, -0.408,  5.138,  3.442,    84
37.622, -1.788,   none, 2D, -0.447,  5.209,  3.442,    84
37.703, -1.829,   none, 2D, -0.486,  5.279,  3.442,    84
37.783, -1.869,   none, 2D, -0.526,  5.350,  3.442,    84
37.882, -1.909,   none, 2D, -0.506,  5.408,  3.521,    84
37.963, -1.948,   none, 2D, -0.545,  5.478,  3.521,    84
38.044, -1.977,   none, 2D, -0.584,  5.549,  3.521,    84
38.125, -1.996,   none, 2D, -0.544,  5.619,  3.521,    84
38.206, -2.000,    Li9, 2D, -0.583,  5.690,  3.521,   122
38.285, -1.990,   none, 2D, -0.504,  5.690,  3.521,   122
38.384, -1.971,   none, 2D, -0.484,  5.747,  3.599,   122
38.483, -1.942,   none, 2D, -0.425,  5.734,  3.677,   122
38.562, -1.908,   none, 2D, -0.346,  5.734,  3.677,   122
38.661, -1.875,   none, 2D, -0.326,  5.792,  3.755,   122
38.760, -1.839,   none, 2D, -0.267,  5.778,  3.833,   122
38.841, -1.802,   none, 2D, -0.227,  5.849,  3.833,   122
38.940, -1.776,   none, 2D, -0.168,  5.836,  3.912,   122
39.039, -1.748,   none, 2D, -0.109,  5.822,  3.990,   122
39.120, -1.721,   none, 2D, -0.069,  5.893,  3.990,   122
39.219, -1.707,   none, 2D, -0.009,  5.880,  4.068,   122
39.318, -1.688,   none, 2D,  0.050,  5.867,  4.146,   122
39.399, -1.678,   none, 2D,  0.090,  5.937,  4.146,   122
39.498, -1.668,   none, 2D,  0.149,  5.924,  4.225,   122
39.579, -1.665,   none, 2D,  0.189,  5.995,  4.225,   122
39.678, -1.659, saddle, 2D,  0.248,  5.981,  4.303,   122
39.759, -1.665,   none, 2D,  4.048, -0.728,  4.303,   122
39.840, -1.669,   none, 2D,  4.088, -0.657,  4.303,   122
39.939, -1.678,   none, 2D,  4.148, -0.671,  4.381,   122
40.021, -1.693,   none, 2D,  4.187, -0.600,  4.381,   122
40.102, -1.710,   none, 2D,  4.227, -0.529,  4.381,   122
40.183, -1.729,   none, 2D,  4.267, -0.459,  4.381,   122
40.312, -1.752,   none, 2D,  4.326, -0.375,  4.303,   122
40.393, -1.780,   none, 2D,  4.366, -0.304,  4.303,   122
40.522, -1.811,   none, 2D,  4.426, -0.220,  4.225,   122
40.603, -1.843,   none, 2D,  4.465, -0.150,  4.225,   122
40.732, -1.877,   none, 2D,  4.525, -0.066,  4.146,   122
40.861, -1.906,   none, 2D,  4.584,  0.018,  4.068,   122
40.978, -1.932,   none, 2D,  4.565,  0.102,  3.990,   122
41.107, -1.967,   none, 2D,  4.624,  0.186,  3.912,   122
41.223, -2.008,   none, 2D,  4.605,  0.269,  3.833,   122
41.340, -2.052,   none, 2D,  4.585,  0.353,  3.755,   122
41.456, -2.095,   none, 2D,  4.566,  0.437,  3.677,   122
41.585, -2.134,   none, 2D,  4.625,  0.521,  3.599,   122
41.702, -2.154,   none, 2D,  4.606,  0.605,  3.521,   122
44.401, -2.260,  Li_i2, 2D, -2.192,  3.178,  3.755,    34
44.480, -2.253,   none, 2D, -2.113,  3.178,  3.755,    34
44.559, -2.241,   none, 2D, -2.034,  3.178,  3.755,    34
44.727, -2.236,   none, 2D, -1.897,  3.121,  3.677,    34
44.806, -2.231, saddle, 2D, -1.818,  3.121,  3.677,    34
44.975, -2.235,   none, 2D, -1.680,  3.064,  3.599,    34
45.054, -2.239,   none, 2D, -1.601,  3.064,  3.599,    34
45.222, -2.249,   none, 2D, -1.463,  3.006,  3.521,    34
45.301, -2.257,   none, 2D, -1.384,  3.006,  3.521,    34
50.829, -1.955,    Li2, 3D,  1.841,  3.523,  7.980,     8
50.928, -1.944,   none, 3D,  1.900,  3.510,  8.058,     8
51.009, -1.922,   none, 3D,  1.940,  3.580,  8.058,     8
51.108, -1.891,   none, 3D,  1.960,  3.638,  8.136,     8
51.189, -1.858,   none, 3D,  2.000,  3.708,  8.136,     8
51.270, -1.820,   none, 3D,  2.040,  3.779,  8.136,     8
51.369, -1.783,   none, 3D,  2.060,  3.836,  8.215,     8
51.450, -1.747,   none, 3D,  2.099,  3.907,  8.215,     8
51.531, -1.710,   none, 3D,  2.139,  3.978,  8.215,     8
51.630, -1.677,   none, 3D,  2.159,  4.035,  8.293,     8
51.709, -1.650,   none, 3D,  2.238,  4.035,  8.293,     8
51.790, -1.627,   none, 3D,  2.278,  4.106,  8.293,     8
51.871, -1.609,   none, 3D,  2.318,  4.176,  8.293,     8
51.953, -1.598,   none, 3D, -5.221,  4.247,  8.293,     8
52.034, -1.593, saddle, 3D, -5.181,  4.317,  8.293,     8
52.115, -1.595,   none, 3D, -5.142,  4.388,  8.293,     8
52.244, -1.609,   none, 3D, -5.082,  4.472,  8.215,     8
52.325, -1.630,   none, 3D, -5.042,  4.543,  8.215,     8
52.406, -1.658,   none, 3D, -5.003,  4.613,  8.215,     8
52.535, -1.697,   none, 3D, -4.943,  4.697,  8.136,     8
52.664, -1.742,   none, 3D, -4.884,  4.781,  8.058,     8
52.745, -1.797,   none, 3D, -4.844,  4.852,  8.058,     8
52.872, -1.858,   none, 3D, -4.745,  4.865,  7.980,     8
53.001, -1.927,   none, 3D, -4.686,  4.949,  7.902,     8
53.082, -1.988,   none, 3D, -4.646,  5.019,  7.902,     8
53.163, -2.033,   none, 3D, -4.606,  5.090,  7.902,     8
53.242, -2.062,   none, 3D, -4.527,  5.090,  7.902,     8
57.729, -1.944,    Li3, 3D, -2.816,  5.015,  3.755,    78
57.810, -1.938,   none, 3D, -2.776,  5.085,  3.755,    78
57.909, -1.926,   none, 3D, -2.756,  5.143,  3.833,    78
57.990, -1.906,   none, 3D, -2.716,  5.213,  3.833,    78
58.071, -1.879,   none, 3D, -2.677,  5.284,  3.833,    78
58.152, -1.848,   none, 3D, -2.637,  5.355,  3.833,    78
58.231, -1.816,   none, 3D, -2.558,  5.355,  3.833,    78
58.312, -1.785,   none, 3D, -2.518,  5.425,  3.833,    78
58.393, -1.751,   none, 3D, -2.478,  5.496,  3.833,    78
58.472, -1.716,   none, 3D, -2.400,  5.496,  3.833,    78
58.553, -1.687,   none, 3D, -2.360,  5.566,  3.833,    78
58.634, -1.652,   none, 3D, -2.320,  5.637,  3.833,    78
58.713, -1.626,   none, 3D, -2.241,  5.637,  3.833,    78
58.839, -1.598,   none, 3D, -2.142,  5.650,  3.755,    78
58.918, -1.569,   none, 3D, -2.063,  5.650,  3.755,    78
58.999, -1.550,   none, 3D, -2.024,  5.721,  3.755,    78
59.078, -1.529,   none, 3D, -1.945,  5.721,  3.755,    78
59.205, -1.510,   none, 3D, -1.846,  5.734,  3.677,    78
59.284, -1.501,   none, 3D, -1.767,  5.734,  3.677,    78
59.363, -1.494,   none, 3D, -1.688,  5.734,  3.677,    78
59.442, -1.492, saddle, 3D, -1.609,  5.734,  3.677,    78
59.568, -1.507,   none, 3D, -1.511,  5.747,  3.599,    78
59.647, -1.530,   none, 3D, -1.432,  5.747,  3.599,    78
59.726, -1.560,   none, 3D, -1.353,  5.747,  3.599,    78
59.895, -1.606,   none, 3D, -1.215,  5.690,  3.521,    78
59.974, -1.667,   none, 3D, -1.136,  5.690,  3.521,    78
60.053, -1.730,   none, 3D, -1.057,  5.690,  3.521,    78
60.190, -1.796,   none, 3D, -0.939,  5.619,  3.521,    78
60.317, -1.863,   none, 3D, -0.840,  5.633,  3.442,    78
60.396, -1.922,   none, 3D, -0.761,  5.633,  3.442,    78
60.475, -1.964,   none, 3D, -0.682,  5.633,  3.442,    78
60.574, -1.991,   none, 3D, -0.623,  5.619,  3.521,    78
63.346, -2.143,    Li8, 3D,  0.375,  4.379,  1.252,    72
63.472, -2.140,   none, 3D,  0.474,  4.392,  1.174,    72
63.601, -2.137,   none, 3D,  0.533,  4.476,  1.095,    72
63.728, -2.131,   none, 3D,  0.632,  4.489,  1.017,    72
63.879, -2.113,   none, 3D,  0.534,  4.573,  0.939,    72
63.978, -2.073,   none, 3D,  0.474,  4.586,  0.861,    72
64.129, -2.021,   none, 3D,  0.376,  4.670,  0.782,    72
64.228, -1.957,   none, 3D,  0.317,  4.683,  0.704,    72
64.380, -1.882,   none, 3D,  0.218,  4.767,  0.626,    72
64.531, -1.799,   none, 3D,  0.120,  4.851,  0.548,    72
64.682, -1.713,   none, 3D,  0.021,  4.935,  0.469,    72
64.833, -1.632,   none, 3D, -0.077,  5.019,  0.391,    72
64.984, -1.561,   none, 3D, -0.176,  5.103,  0.313,    72
65.100, -1.504,   none, 3D, -0.195,  5.187,  0.235,    72
65.252, -1.468,   none, 3D, -0.293,  5.270,  0.156,    72
65.403, -1.444,   none, 3D, -0.392,  5.354,  0.078,    72
65.519, -1.440, saddle, 3D, -0.411,  5.438,  0.000,    72
65.635, -1.443,   none, 3D, -2.794,  3.934,  9.310,    72
65.734, -1.456,   none, 3D, -2.853,  3.947,  9.232,    72
65.851, -1.477,   none, 3D, -2.872,  4.031,  9.153,    72
65.967, -1.502,   none, 3D, -2.892,  4.114,  9.075,    72
66.083, -1.527,   none, 3D, -2.911,  4.198,  8.997,    72
66.165, -1.558,   none, 3D, -2.892,  4.212,  8.919,    72
66.281, -1.589,   none, 3D, -2.911,  4.295,  8.840,    72
66.398, -1.619,   none, 3D, -2.931,  4.379,  8.762,    72
66.527, -1.661,   none, 3D, -2.871,  4.463,  8.684,    72
66.643, -1.704,   none, 3D, -2.891,  4.547,  8.606,    72
66.725, -1.753,   none, 3D, -2.871,  4.560,  8.528,    72
66.841, -1.806,   none, 3D, -2.890,  4.644,  8.449,    72
66.971, -1.864,   none, 3D, -2.831,  4.728,  8.371,    72
67.087, -1.921,   none, 3D, -2.851,  4.812,  8.293,    72
67.203, -1.969,   none, 3D, -2.870,  4.896,  8.215,    72
67.320, -2.002,   none, 3D, -2.889,  4.980,  8.136,    72
70.660, -1.986,   Li10, 0D, -0.570,  2.596,  8.449,    98
70.759, -1.981,   none, 0D, -0.550,  2.653,  8.528,    98
70.841, -1.963,   none, 0D, -0.570,  2.640,  8.606,    98
70.923, -1.933,   none, 0D, -0.589,  2.627,  8.684,    98
71.036, -1.896,   none, 0D, -0.648,  2.684,  8.762,    98
71.118, -1.862,   none, 0D, -0.668,  2.671,  8.840,    98
71.200, -1.825,   none, 0D, -0.688,  2.658,  8.919,    98
71.299, -1.788,   none, 0D, -0.668,  2.715,  8.997,    98
71.380, -1.768,   none, 0D, -0.687,  2.702,  9.075,    98
71.462, -1.753,   none, 0D, -0.707,  2.689,  9.153,    98
71.544, -1.744, saddle, 0D, -0.727,  2.675,  9.232,    98
71.657, -1.748,   none, 0D, -0.786,  2.733,  9.310,    98
71.739, -1.767,   none, 0D,  1.558,  4.308,  0.000,    98
71.838, -1.792,   none, 0D,  1.617,  4.295,  0.078,    98
71.952, -1.833,   none, 0D,  1.558,  4.352,  0.156,    98
72.033, -1.883,   none, 0D,  1.538,  4.339,  0.235,    98
72.115, -1.933,   none, 0D,  1.519,  4.326,  0.313,    98
72.197, -1.981,   none, 0D,  1.499,  4.313,  0.391,    98
72.296, -2.034,   none, 0D,  1.519,  4.370,  0.469,    98
72.378, -2.084,   none, 0D,  1.499,  4.357,  0.548,    98
72.460, -2.125,   none, 0D,  1.480,  4.344,  0.626,    98
72.573, -2.156,   none, 0D,  1.421,  4.401,  0.704,    98
72.655, -2.179,   none, 0D,  1.401,  4.388,  0.782,    98
72.737, -2.188,  Li_i7, 0D,  1.381,  4.374,  0.861,   103
72.817, -2.183,   none, 0D,  1.420,  4.304,  0.861,   103
72.898, -2.165,   none, 0D,  1.460,  4.233,  0.861,   103
73.027, -2.140,   none, 0D,  1.400,  4.149,  0.939,   103
73.108, -2.111,   none, 0D,  1.439,  4.079,  0.939,   103
73.224, -2.077,   none, 0D,  1.459,  3.995,  1.017,   103
73.305, -2.043,   none, 0D,  1.498,  3.924,  1.017,   103
73.386, -2.007,   none, 0D,  1.537,  3.854,  1.017,   103
73.467, -1.970,   none, 0D,  1.576,  3.783,  1.017,   103
73.583, -1.935,   none, 0D,  1.596,  3.699,  1.095,   103
73.664, -1.904,   none, 0D,  1.635,  3.628,  1.095,   103
73.745, -1.877,   none, 0D,  1.674,  3.558,  1.095,   103
73.825, -1.854,   none, 0D,  1.713,  3.487,  1.095,   103
73.906, -1.836,   none, 0D,  1.753,  3.417,  1.095,   103
73.987, -1.823,   none, 0D,  1.792,  3.346,  1.095,   103
74.068, -1.816, saddle, 0D,  1.831,  3.275,  1.095,   103
74.149, -1.820,   none, 0D,  1.791,  3.205,  1.095,   103
74.229, -1.829,   none, 0D,  1.830,  3.134,  1.095,   103
74.310, -1.843,   none, 0D,  1.870,  3.063,  1.095,   103
74.424, -1.860,   none, 0D,  1.928,  3.006,  1.017,   103
74.505, -1.886,   none, 0D,  1.889,  2.935,  1.017,   103
74.585, -1.913,   none, 0D,  1.928,  2.865,  1.017,   103
74.666, -1.936,   none, 0D,  1.967,  2.794,  1.017,   103
74.747, -1.954,   none, 0D,  2.006,  2.724,  1.017,   103
74.846, -1.977,   none, 0D,  1.986,  2.666,  0.939,   103
74.927, -1.986,   Li10, 0D,  2.025,  2.596,  0.939,    91
75.026, -1.981,   none, 0D,  2.005,  2.538,  0.861,    91
75.108, -1.963,   none, 0D,  2.025,  2.551,  0.782,    91
75.189, -1.933,   none, 0D,  2.045,  2.565,  0.704,    91
75.303, -1.896,   none, 0D,  2.103,  2.507,  0.626,    91
75.385, -1.862,   none, 0D,  2.123,  2.521,  0.548,    91
75.466, -1.825,   none, 0D,  2.143,  2.534,  0.469,    91
75.565, -1.788,   none, 0D,  2.123,  2.476,  0.391,    91
75.647, -1.768,   none, 0D,  2.142,  2.490,  0.313,    91
75.729, -1.753,   none, 0D,  2.162,  2.503,  0.235,    91
75.811, -1.744, saddle, 0D,  2.182,  2.516,  0.156,    91
75.924, -1.748,   none, 0D,  2.241,  2.459,  0.078,    91
76.006, -1.767,   none, 0D,  2.260,  2.472,  0.000,    91
76.105, -1.792,   none, 0D, -0.162,  0.897,  9.310,    91
76.219, -1.833,   none, 0D, -0.103,  0.839,  9.232,    91
76.300, -1.883,   none, 0D, -0.083,  0.852,  9.153,    91
76.382, -1.933,   none, 0D, -0.064,  0.866,  9.075,    91
76.464, -1.981,   none, 0D, -0.044,  0.879,  8.997,    91
76.563, -2.034,   none, 0D, -0.064,  0.822,  8.919,    91
76.645, -2.084,   none, 0D, -0.044,  0.835,  8.840,    91
76.726, -2.125,   none, 0D, -0.025,  0.848,  8.762,    91
76.840, -2.156,   none, 0D,  0.034,  0.791,  8.684,    91
76.922, -2.179,   none, 0D,  0.054,  0.804,  8.606,    91
77.003, -2.188,  Li_i7, 0D,  0.074,  0.817,  8.528,    86
77.084, -2.183,   none, 0D,  0.035,  0.888,  8.528,    86
77.165, -2.165,   none, 0D, -0.005,  0.958,  8.528,    86
77.294, -2.140,   none, 0D,  0.055,  1.042,  8.449,    86
77.375, -2.111,   none, 0D,  0.016,  1.113,  8.449,    86
77.491, -2.077,   none, 0D, -0.004,  1.197,  8.371,    86
77.572, -2.043,   none, 0D, -0.043,  1.267,  8.371,    86
77.653, -2.007,   none, 0D, -0.082,  1.338,  8.371,    86
77.733, -1.970,   none, 0D, -0.121,  1.409,  8.371,    86
77.850, -1.935,   none, 0D, -0.141,  1.492,  8.293,    86
77.931, -1.904,   none, 0D, -0.180,  1.563,  8.293,    86
78.011, -1.877,   none, 0D, -0.219,  1.634,  8.293,    86
78.092, -1.854,   none, 0D, -0.258,  1.704,  8.293,    86
78.173, -1.836,   none, 0D, -0.298,  1.775,  8.293,    86
78.254, -1.823,   none, 0D, -0.337,  1.846,  8.293,    86
78.334, -1.816, saddle, 0D, -0.376,  1.916,  8.293,    86
78.415, -1.820,   none, 0D, -0.336,  1.987,  8.293,    86
78.496, -1.829,   none, 0D, -0.375,  2.057,  8.293,    86
78.577, -1.843,   none, 0D, -0.414,  2.128,  8.293,    86
78.690, -1.860,   none, 0D, -0.473,  2.185,  8.371,    86
78.771, -1.886,   none, 0D, -0.434,  2.256,  8.371,    86
78.852, -1.913,   none, 0D, -0.473,  2.327,  8.371,    86
78.933, -1.936,   none, 0D, -0.512,  2.397,  8.371,    86
79.014, -1.954,   none, 0D, -0.551,  2.468,  8.371,    86
79.113, -1.977,   none, 0D, -0.531,  2.525,  8.449,    86
