r_coor, energy,   site, dn,      x,      y,      z, index
 5.076, -2.135,  Li_i5, 1D,  0.819,  1.459, 23.928,    70
 5.157, -2.130,   none, 1D,  0.819,  1.378, 23.928,    70
 5.311, -2.120,   none, 1D,  0.904,  1.297, 24.027,    70
 5.392, -2.109,   none, 1D,  0.904,  1.216, 24.027,    70
 5.473, -2.087,   none, 1D,  0.904,  1.135, 24.027,    70
 5.627, -2.062,   none, 1D,  0.989,  1.054, 24.127,    70
 5.744, -2.040,   none, 1D,  1.074,  0.973, 24.127,    70
 5.825, -2.011,   none, 1D,  1.074,  0.892, 24.127,    70
 5.979, -1.993,   none, 1D,  1.158,  0.811, 24.227,    70
 6.097, -1.981,   none, 1D,  1.243,  0.730, 24.227,    70
 6.250, -1.971, saddle, 1D,  1.328,  0.649, 24.327,    70
 6.332, -1.989,   none, 1D,  1.328,  0.568, 24.327,    70
 6.449, -2.010,   none, 1D,  1.413,  0.486, 24.327,    70
 6.603, -2.045,   none, 1D,  1.498,  0.405, 24.426,    70
 6.684, -2.095,   none, 1D,  1.498,  0.324, 24.426,    70
 6.801, -2.140,   none, 1D,  1.582,  0.243, 24.426,    70
 6.930, -2.186,   none, 1D,  1.582,  0.162, 24.526,    70
 7.047, -2.223,   none, 1D,  1.667,  0.081, 24.526,    70
 7.128, -2.236,    Li5, 1D,  1.667,  0.000, 24.526,    79
 7.209, -2.223,   none, 1D,  1.667,  5.757, 24.526,    79
 7.327, -2.186,   none, 1D,  1.582,  5.676, 24.526,    79
 7.455, -2.140,   none, 1D,  1.582,  5.595, 24.426,    79
 7.573, -2.095,   none, 1D,  1.498,  5.514, 24.426,    79
 7.654, -2.045,   none, 1D,  1.498,  5.432, 24.426,    79
 7.808, -2.010,   none, 1D,  1.413,  5.351, 24.327,    79
 7.925, -1.989,   none, 1D,  1.328,  5.270, 24.327,    79
 8.006, -1.971, saddle, 1D,  1.328,  5.189, 24.327,    79
 8.160, -1.981,   none, 1D,  1.243,  5.108, 24.227,    79
 8.277, -1.993,   none, 1D,  1.158,  5.027, 24.227,    79
 8.431, -2.011,   none, 1D,  1.074,  4.946, 24.127,    79
 8.512, -2.040,   none, 1D,  1.074,  4.865, 24.127,    79
 8.630, -2.062,   none, 1D,  0.989,  4.784, 24.127,    79
 8.784, -2.087,   none, 1D,  0.904,  4.703, 24.027,    79
 8.865, -2.109,   none, 1D,  0.904,  4.622, 24.027,    79
 8.946, -2.120,   none, 1D,  0.904,  4.541, 24.027,    79
 9.100, -2.130,   none, 1D,  0.819,  4.459, 23.928,    79
 9.181, -2.135,  Li_i5, 1D,  0.819,  4.378, 23.928,    25
 9.262, -2.130,   none, 1D,  0.819,  4.297, 23.928,    25
 9.416, -2.121,   none, 1D,  0.734,  4.216, 23.828,    25
 9.497, -2.110,   none, 1D,  0.734,  4.135, 23.828,    25
 9.578, -2.088,   none, 1D,  0.734,  4.054, 23.828,    25
 9.732, -2.063,   none, 1D,  0.650,  3.973, 23.728,    25
 9.849, -2.043,   none, 1D,  0.565,  3.892, 23.728,    25
 9.931, -2.014,   none, 1D,  0.565,  3.811, 23.728,    25
10.084, -1.997,   none, 1D,  0.480,  3.730, 23.629,    25
10.202, -1.987,   none, 1D,  0.395,  3.649, 23.629,    25
10.356, -1.978, saddle, 1D,  0.310,  3.568, 23.529,    25
10.437, -1.994,   none, 1D,  0.310,  3.487, 23.529,    25
10.554, -2.017,   none, 1D,  0.226,  3.405, 23.529,    25
10.708, -2.053,   none, 1D,  0.141,  3.324, 23.429,    25
10.789, -2.100,   none, 1D,  0.141,  3.243, 23.429,    25
10.907, -2.146,   none, 1D,  0.056,  3.162, 23.429,    25
11.035, -2.190,   none, 1D,  0.056,  3.081, 23.330,    25
11.153, -2.227,   none, 1D, -0.029,  3.000, 23.330,    25
11.234, -2.240,   Li13, 1D, -0.029,  2.919, 23.330,    16
11.315, -2.227,   none, 1D, -0.029,  2.838, 23.330,    16
11.432, -2.190,   none, 1D,  0.056,  2.757, 23.330,    16
11.561, -2.146,   none, 1D,  0.056,  2.676, 23.429,    16
11.678, -2.100,   none, 1D,  0.141,  2.595, 23.429,    16
11.759, -2.053,   none, 1D,  0.141,  2.514, 23.429,    16
11.913, -2.017,   none, 1D,  0.226,  2.432, 23.529,    16
12.030, -1.994,   none, 1D,  0.310,  2.351, 23.529,    16
12.111, -1.978, saddle, 1D,  0.310,  2.270, 23.529,    16
12.265, -1.987,   none, 1D,  0.395,  2.189, 23.629,    16
12.383, -1.997,   none, 1D,  0.480,  2.108, 23.629,    16
12.537, -2.014,   none, 1D,  0.565,  2.027, 23.728,    16
12.618, -2.043,   none, 1D,  0.565,  1.946, 23.728,    16
12.735, -2.063,   none, 1D,  0.650,  1.865, 23.728,    16
12.889, -2.088,   none, 1D,  0.734,  1.784, 23.828,    16
12.970, -2.110,   none, 1D,  0.734,  1.703, 23.828,    16
13.051, -2.121,   none, 1D,  0.734,  1.622, 23.828,    16
13.205, -2.130,   none, 1D,  0.819,  1.541, 23.928,    16
16.101, -2.145, Li_i24, 2D,  8.458,  2.919, 23.928,   530
16.185, -2.140,   none, 2D,  8.543,  2.919, 23.928,   530
16.316, -2.130,   none, 2D,  8.628,  2.919, 23.828,   530
16.401, -2.120,   none, 2D,  8.713,  2.919, 23.828,   530
16.486, -2.101,   none, 2D,  8.797,  2.919, 23.828,   530
16.617, -2.074,   none, 2D,  8.882,  2.919, 23.728,   530
16.702, -2.055,   none, 2D,  8.967,  2.919, 23.728,   530
16.787, -2.031,   none, 2D,  9.052,  2.919, 23.728,   530
16.872, -2.002,   none, 2D,  9.137,  2.919, 23.728,   530
17.003, -1.989,   none, 2D,  9.222,  2.919, 23.629,   530
17.088, -1.978,   none, 2D,  9.307,  2.919, 23.629,   530
17.173, -1.967, saddle, 2D,  9.392,  2.919, 23.629,   530
17.304, -1.979,   none, 2D,  9.477,  2.919, 23.529,   530
17.388, -1.999,   none, 2D,  9.562,  2.919, 23.529,   530
17.473, -2.019,   none, 2D,  9.647,  2.919, 23.529,   530
17.604, -2.062,   none, 2D,  9.731,  2.919, 23.429,   530
17.689, -2.106,   none, 2D,  9.816,  2.919, 23.429,   530
17.774, -2.147,   none, 2D,  9.901,  2.919, 23.429,   530
17.905, -2.192,   none, 2D,  9.986,  2.919, 23.330,   530
17.990, -2.226,   none, 2D, 10.071,  2.919, 23.330,   530
21.613, -2.236,    Li5, 2D,  1.667,  0.000, 24.526,   128
21.697, -2.220,   none, 2D,  1.752,  0.000, 24.526,   128
21.782, -2.184,   none, 2D,  1.837,  0.000, 24.526,   128
21.913, -2.139,   none, 2D,  1.922,  0.000, 24.426,   128
21.998, -2.098,   none, 2D,  2.007,  0.000, 24.426,   128
22.083, -2.053,   none, 2D,  2.092,  0.000, 24.426,   128
22.214, -2.013,   none, 2D,  2.177,  0.000, 24.327,   128
22.299, -1.993,   none, 2D,  2.262,  0.000, 24.327,   128
22.384, -1.974,   none, 2D,  2.346,  0.000, 24.327,   128
22.515, -1.964, saddle, 2D,  2.431,  0.000, 24.227,   128
22.600, -1.977,   none, 2D,  2.516,  0.000, 24.227,   128
22.685, -1.988,   none, 2D,  2.601,  0.000, 24.227,   128
22.816, -2.003,   none, 2D,  2.686,  0.000, 24.127,   128
22.900, -2.033,   none, 2D,  2.771,  0.000, 24.127,   128
22.985, -2.057,   none, 2D,  2.856,  0.000, 24.127,   128
23.070, -2.075,   none, 2D,  2.941,  0.000, 24.127,   128
23.201, -2.103,   none, 2D,  3.026,  0.000, 24.027,   128
23.286, -2.121,   none, 2D,  3.111,  0.000, 24.027,   128
23.371, -2.131,   none, 2D,  3.195,  0.000, 24.027,   128
23.502, -2.141,   none, 2D,  3.280,  0.000, 23.928,   128
23.587, -2.145, Li_i24, 2D,  3.365,  0.000, 23.928,   242
23.672, -2.140,   none, 2D,  3.450,  0.000, 23.928,   242
23.803, -2.130,   none, 2D,  3.535,  0.000, 23.828,   242
23.888, -2.120,   none, 2D,  3.620,  0.000, 23.828,   242
23.973, -2.101,   none, 2D,  3.705,  0.000, 23.828,   242
24.104, -2.074,   none, 2D,  3.790,  0.000, 23.728,   242
24.188, -2.055,   none, 2D,  3.875,  0.000, 23.728,   242
24.273, -2.031,   none, 2D,  3.960,  0.000, 23.728,   242
24.358, -2.002,   none, 2D,  4.045,  0.000, 23.728,   242
24.489, -1.989,   none, 2D,  4.130,  0.000, 23.629,   242
24.574, -1.978,   none, 2D,  4.214,  0.000, 23.629,   242
24.659, -1.967, saddle, 2D,  4.299,  0.000, 23.629,   242
24.790, -1.979,   none, 2D,  4.384,  0.000, 23.529,   242
24.875, -1.999,   none, 2D,  4.469,  0.000, 23.529,   242
24.960, -2.019,   none, 2D,  4.554,  0.000, 23.529,   242
25.091, -2.062,   none, 2D,  4.639,  0.000, 23.429,   242
25.176, -2.106,   none, 2D,  4.724,  0.000, 23.429,   242
25.260, -2.147,   none, 2D,  4.809,  0.000, 23.429,   242
25.391, -2.192,   none, 2D,  4.894,  0.000, 23.330,   242
25.476, -2.226,   none, 2D,  4.979,  0.000, 23.330,   242
29.099, -2.236,    Li5, 2D,  6.760,  2.919, 24.526,   416
29.184, -2.220,   none, 2D,  6.844,  2.919, 24.526,   416
29.269, -2.184,   none, 2D,  6.929,  2.919, 24.526,   416
29.400, -2.139,   none, 2D,  7.014,  2.919, 24.426,   416
29.485, -2.098,   none, 2D,  7.099,  2.919, 24.426,   416
29.569, -2.053,   none, 2D,  7.184,  2.919, 24.426,   416
29.700, -2.013,   none, 2D,  7.269,  2.919, 24.327,   416
29.785, -1.993,   none, 2D,  7.354,  2.919, 24.327,   416
29.870, -1.974,   none, 2D,  7.439,  2.919, 24.327,   416
30.001, -1.964, saddle, 2D,  7.524,  2.919, 24.227,   416
30.086, -1.977,   none, 2D,  7.609,  2.919, 24.227,   416
30.171, -1.988,   none, 2D,  7.694,  2.919, 24.227,   416
30.302, -2.003,   none, 2D,  7.779,  2.919, 24.127,   416
30.387, -2.033,   none, 2D,  7.863,  2.919, 24.127,   416
30.472, -2.057,   none, 2D,  7.948,  2.919, 24.127,   416
30.557, -2.075,   none, 2D,  8.033,  2.919, 24.127,   416
30.688, -2.103,   none, 2D,  8.118,  2.919, 24.027,   416
30.772, -2.121,   none, 2D,  8.203,  2.919, 24.027,   416
30.857, -2.131,   none, 2D,  8.288,  2.919, 24.027,   416
30.988, -2.141,   none, 2D,  8.373,  2.919, 23.928,   416
35.569, -2.236,    Li5, 3D,  1.667,  0.000, 24.526,    84
35.669, -2.213,   none, 3D,  1.667,  0.000, 24.626,    84
35.768, -2.157,   none, 3D,  1.667,  0.000, 24.725,    84
35.868, -2.082,   none, 3D,  1.667,  0.000, 24.825,    84
35.968, -1.999,   none, 3D,  1.667,  0.000, 24.925,    84
36.067, -1.916,   none, 3D,  1.667,  0.000, 25.024,    84
36.167, -1.842,   none, 3D,  1.666,  0.000, 25.124,    84
36.267, -1.782,   none, 3D,  1.666,  0.000, 25.224,    84
36.367, -1.741,   none, 3D,  1.666,  0.000, 25.324,    84
36.466, -1.722, saddle, 3D,  1.666,  0.000, 25.423,    84
36.566, -1.724,   none, 3D,  1.666,  0.000, 25.523,    84
36.666, -1.746,   none, 3D,  1.666,  0.000, 25.623,    84
36.765, -1.783,   none, 3D,  1.666,  0.000, 25.722,    84
36.865, -1.830,   none, 3D,  1.666,  0.000, 25.822,    84
36.965, -1.883,   none, 3D,  1.665,  0.000, 25.922,    84
37.064, -1.935,   none, 3D,  1.665,  0.000, 26.021,    84
37.164, -1.983,   none, 3D,  1.665,  0.000, 26.121,    84
37.264, -2.024,   none, 3D,  1.665,  0.000, 26.221,    84
37.364, -2.054,   none, 3D,  1.665,  0.000, 26.321,    84
37.463, -2.073,   none, 3D,  1.665,  0.000, 26.420,    84
39.158, -2.226,    Li4, 3D,  1.663,  0.000, 28.115,   104
39.239, -2.211,   none, 3D,  1.663,  5.757, 28.115,   104
39.357, -2.167,   none, 3D,  1.748,  5.676, 28.115,   104
39.438, -2.110,   none, 3D,  1.748,  5.595, 28.115,   104
39.592, -2.037,   none, 3D,  1.832,  5.514, 28.215,   104
39.673, -1.976,   none, 3D,  1.832,  5.432, 28.215,   104
39.827, -1.914,   none, 3D,  1.917,  5.351, 28.315,   104
39.944, -1.873,   none, 3D,  2.002,  5.270, 28.315,   104
40.025, -1.842,   none, 3D,  2.002,  5.189, 28.315,   104
40.179, -1.838,   none, 3D,  2.087,  5.108, 28.414,   104
40.260, -1.830, saddle, 3D,  2.087,  5.027, 28.414,   104
40.414, -1.847,   none, 3D,  2.171,  4.946, 28.514,   104
40.531, -1.866,   none, 3D,  2.256,  4.865, 28.514,   104
40.685, -1.879,   none, 3D,  2.341,  4.784, 28.614,   104
40.766, -1.906,   none, 3D,  2.341,  4.703, 28.614,   104
40.847, -1.918,   none, 3D,  2.341,  4.622, 28.614,   104
40.965, -1.928,   none, 3D,  2.426,  4.541, 28.614,   104
41.119, -1.934,   none, 3D,  2.546,  4.459,  0.000,   104
41.200, -1.939, Li_i13, 3D,  2.546,  4.378,  0.000,   164
41.281, -1.931,   none, 3D,  2.546,  4.297,  0.000,   164
41.435, -1.919,   none, 3D,  2.631,  4.216,  0.100,   164
41.516, -1.903,   none, 3D,  2.631,  4.135,  0.100,   164
41.633, -1.885,   none, 3D,  2.716,  4.054,  0.100,   164
41.787, -1.859,   none, 3D,  2.801,  3.973,  0.199,   164
41.868, -1.842,   none, 3D,  2.801,  3.892,  0.199,   164
41.986, -1.819,   none, 3D,  2.885,  3.811,  0.199,   164
42.140, -1.811, saddle, 3D,  2.970,  3.730,  0.299,   164
42.221, -1.812,   none, 3D,  2.970,  3.649,  0.299,   164
42.375, -1.823,   none, 3D,  3.055,  3.568,  0.399,   164
42.492, -1.850,   none, 3D,  3.140,  3.487,  0.399,   164
42.573, -1.887,   none, 3D,  3.140,  3.405,  0.399,   164
42.727, -1.948,   none, 3D,  3.225,  3.324,  0.498,   164
42.845, -2.002,   none, 3D,  3.309,  3.243,  0.498,   164
42.973, -2.065,   none, 3D,  3.309,  3.162,  0.598,   164
43.090, -2.121,   none, 3D,  3.394,  3.081,  0.598,   164
43.171, -2.159,   none, 3D,  3.394,  3.000,  0.598,   164
43.253, -2.172, Li_i22, 3D,  3.394,  2.919,  0.598,   180
43.352, -2.161,   none, 3D,  3.394,  2.919,  0.698,   180
43.452, -2.122,   none, 3D,  3.394,  2.919,  0.798,   180
43.552, -2.068,   none, 3D,  3.394,  2.919,  0.897,   180
43.651, -2.010,   none, 3D,  3.394,  2.919,  0.997,   180
43.751, -1.953,   none, 3D,  3.394,  2.919,  1.097,   180
43.851, -1.904,   none, 3D,  3.393,  2.919,  1.196,   180
43.950, -1.865,   none, 3D,  3.393,  2.919,  1.296,   180
44.050, -1.838,   none, 3D,  3.393,  2.919,  1.396,   180
44.150, -1.825,   none, 3D,  3.393,  2.919,  1.495,   180
44.250, -1.822, saddle, 3D,  3.393,  2.919,  1.595,   180
44.349, -1.828,   none, 3D,  3.393,  2.919,  1.695,   180
44.449, -1.841,   none, 3D,  3.393,  2.919,  1.795,   180
44.549, -1.857,   none, 3D,  3.393,  2.919,  1.894,   180
44.648, -1.874,   none, 3D,  3.392,  2.919,  1.994,   180
44.748, -1.890,   none, 3D,  3.392,  2.919,  2.094,   180
44.848, -1.902,   none, 3D,  3.392,  2.919,  2.193,   180
44.947, -1.910,   none, 3D,  3.392,  2.919,  2.293,   180
45.047, -1.912, Li_i26, 3D,  3.392,  2.919,  2.393,   182
45.147, -1.909,   none, 3D,  3.392,  2.919,  2.492,   182
45.247, -1.900,   none, 3D,  3.392,  2.919,  2.592,   182
45.346, -1.886,   none, 3D,  3.392,  2.919,  2.692,   182
45.446, -1.868,   none, 3D,  3.391,  2.919,  2.792,   182
45.546, -1.849,   none, 3D,  3.391,  2.919,  2.891,   182
45.645, -1.830,   none, 3D,  3.391,  2.919,  2.991,   182
45.745, -1.814,   none, 3D,  3.391,  2.919,  3.091,   182
45.845, -1.805, saddle, 3D,  3.391,  2.919,  3.190,   182
45.944, -1.805,   none, 3D,  3.391,  2.919,  3.290,   182
46.044, -1.818,   none, 3D,  3.391,  2.919,  3.390,   182
46.144, -1.845,   none, 3D,  3.391,  2.919,  3.489,   182
46.244, -1.886,   none, 3D,  3.391,  2.919,  3.589,   182
46.343, -1.940,   none, 3D,  3.390,  2.919,  3.689,   182
46.443, -2.002,   none, 3D,  3.390,  2.919,  3.789,   182
46.543, -2.066,   none, 3D,  3.390,  2.919,  3.888,   182
46.642, -2.126,   none, 3D,  3.390,  2.919,  3.988,   182
46.742, -2.169,   none, 3D,  3.390,  2.919,  4.088,   182
46.842, -2.183,    Li8, 3D,  3.390,  2.919,  4.187,   137
46.927, -2.172,   none, 3D,  3.305,  2.919,  4.187,   137
47.011, -2.137,   none, 3D,  3.220,  2.919,  4.187,   137
47.096, -2.085,   none, 3D,  3.135,  2.919,  4.187,   137
47.227, -2.031,   none, 3D,  3.050,  2.919,  4.287,   137
47.312, -1.979,   none, 3D,  2.965,  2.919,  4.287,   137
47.397, -1.924,   none, 3D,  2.880,  2.919,  4.287,   137
47.528, -1.889,   none, 3D,  2.795,  2.919,  4.387,   137
47.613, -1.863,   none, 3D,  2.711,  2.919,  4.387,   137
47.744, -1.840, saddle, 3D,  2.626,  2.919,  4.486,   137
47.829, -1.847,   none, 3D,  2.541,  2.919,  4.486,   137
47.914, -1.855,   none, 3D,  2.456,  2.919,  4.486,   137
48.045, -1.869,   none, 3D,  2.371,  2.919,  4.586,   137
48.130, -1.898,   none, 3D,  2.286,  2.919,  4.586,   137
48.215, -1.923,   none, 3D,  2.201,  2.919,  4.586,   137
48.346, -1.946,   none, 3D,  2.116,  2.919,  4.686,   137
48.430, -1.974,   none, 3D,  2.031,  2.919,  4.686,   137
48.515, -1.991,   none, 3D,  1.946,  2.919,  4.686,   137
48.646, -2.000,   none, 3D,  1.861,  2.919,  4.786,   137
48.731, -2.009, Li_i19, 3D,  1.776,  2.919,  4.786,    57
48.816, -2.004,   none, 3D,  1.692,  2.919,  4.786,    57
48.947, -1.991,   none, 3D,  1.607,  2.919,  4.885,    57
49.032, -1.977,   none, 3D,  1.522,  2.919,  4.885,    57
49.117, -1.949,   none, 3D,  1.437,  2.919,  4.885,    57
49.248, -1.922,   none, 3D,  1.352,  2.919,  4.985,    57
49.333, -1.894,   none, 3D,  1.267,  2.919,  4.985,    57
49.418, -1.858,   none, 3D,  1.182,  2.919,  4.985,    57
49.549, -1.835,   none, 3D,  1.097,  2.919,  5.085,    57
49.633, -1.816,   none, 3D,  1.012,  2.919,  5.085,    57
49.718, -1.797, saddle, 3D,  0.927,  2.919,  5.085,    57
49.849, -1.802,   none, 3D,  0.842,  2.919,  5.184,    57
49.934, -1.816,   none, 3D,  0.757,  2.919,  5.184,    57
50.019, -1.834,   none, 3D,  0.673,  2.919,  5.184,    57
50.150, -1.877,   none, 3D,  0.588,  2.919,  5.284,    57
50.235, -1.928,   none, 3D,  0.503,  2.919,  5.284,    57
50.320, -1.979,   none, 3D,  0.418,  2.919,  5.284,    57
50.451, -2.043,   none, 3D,  0.333,  2.919,  5.384,    57
50.536, -2.104,   none, 3D,  0.248,  2.919,  5.384,    57
50.621, -2.155,   none, 3D,  0.163,  2.919,  5.384,    57
50.705, -2.191,   none, 3D,  0.078,  2.919,  5.384,    57
52.303, -2.051,  Li_i2, 3D, -0.009,  2.919,  6.979,     2
52.403, -2.044,   none, 3D, -0.009,  2.919,  7.079,     2
52.502, -2.026,   none, 3D, -0.009,  2.919,  7.178,     2
52.602, -1.999,   none, 3D, -0.009,  2.919,  7.278,     2
52.702, -1.962,   none, 3D, -0.009,  2.919,  7.378,     2
52.802, -1.919,   none, 3D, -0.009,  2.919,  7.477,     2
52.901, -1.871,   none, 3D, -0.009,  2.919,  7.577,     2
53.001, -1.824,   none, 3D, -0.009,  2.919,  7.677,     2
53.101, -1.781,   none, 3D, -0.010,  2.919,  7.777,     2
53.200, -1.748,   none, 3D, -0.010,  2.919,  7.876,     2
53.300, -1.730, saddle, 3D, -0.010,  2.919,  7.976,     2
53.400, -1.730,   none, 3D, -0.010,  2.919,  8.076,     2
53.499, -1.751,   none, 3D, -0.010,  2.919,  8.175,     2
53.599, -1.792,   none, 3D, -0.010,  2.919,  8.275,     2
53.699, -1.851,   none, 3D, -0.010,  2.919,  8.375,     2
53.799, -1.923,   none, 3D, -0.010,  2.919,  8.474,     2
53.898, -2.004,   none, 3D, -0.011,  2.919,  8.574,     2
53.998, -2.085,   none, 3D, -0.011,  2.919,  8.674,     2
54.098, -2.157,   none, 3D, -0.011,  2.919,  8.774,     2
54.197, -2.210,   none, 3D, -0.011,  2.919,  8.873,     2
57.813, -2.239,    Li6, 3D,  1.685,  0.000, 10.169,    80
57.913, -2.221,   none, 3D,  1.685,  0.000, 10.269,    80
58.013, -2.169,   none, 3D,  1.685,  0.000, 10.369,    80
58.112, -2.098,   none, 3D,  1.685,  0.000, 10.468,    80
58.212, -2.018,   none, 3D,  1.684,  0.000, 10.568,    80
58.312, -1.938,   none, 3D,  1.684,  0.000, 10.668,    80
58.412, -1.867,   none, 3D,  1.684,  0.000, 10.768,    80
58.511, -1.810,   none, 3D,  1.684,  0.000, 10.867,    80
58.611, -1.771,   none, 3D,  1.684,  0.000, 10.967,    80
58.711, -1.753, saddle, 3D,  1.684,  0.000, 11.067,    80
58.810, -1.755,   none, 3D,  1.684,  0.000, 11.166,    80
58.910, -1.777,   none, 3D,  1.684,  0.000, 11.266,    80
59.010, -1.812,   none, 3D,  1.683,  0.000, 11.366,    80
59.109, -1.858,   none, 3D,  1.683,  0.000, 11.465,    80
59.209, -1.909,   none, 3D,  1.683,  0.000, 11.565,    80
59.309, -1.959,   none, 3D,  1.683,  0.000, 11.665,    80
59.409, -2.005,   none, 3D,  1.683,  0.000, 11.764,    80
59.508, -2.042,   none, 3D,  1.683,  0.000, 11.864,    80
59.608, -2.069,   none, 3D,  1.683,  0.000, 11.964,    80
59.708, -2.085,   none, 3D,  1.683,  0.000, 12.064,    80
59.807, -2.089, Li_i20, 3D,  1.682,  0.000, 12.163,    82
59.907, -2.083,   none, 3D,  1.682,  0.000, 12.263,    82
60.007, -2.067,   none, 3D,  1.682,  0.000, 12.363,    82
60.106, -2.045,   none, 3D,  1.682,  0.000, 12.462,    82
60.206, -2.019,   none, 3D,  1.682,  0.000, 12.562,    82
60.306, -1.994,   none, 3D,  1.682,  0.000, 12.662,    82
60.406, -1.974,   none, 3D,  1.682,  0.000, 12.761,    82
60.505, -1.962, saddle, 3D,  1.682,  0.000, 12.861,    82
60.605, -1.963,   none, 3D,  1.681,  0.000, 12.961,    82
60.705, -1.977,   none, 3D,  1.681,  0.000, 13.061,    82
60.804, -2.005,   none, 3D,  1.681,  0.000, 13.160,    82
60.904, -2.046,   none, 3D,  1.681,  0.000, 13.260,    82
61.004, -2.098,   none, 3D,  1.681,  0.000, 13.360,    82
61.103, -2.155,   none, 3D,  1.681,  0.000, 13.459,    82
61.203, -2.210,   none, 3D,  1.681,  0.000, 13.559,    82
61.303, -2.255,   none, 3D,  1.681,  0.000, 13.659,    82
61.403, -2.278,    Li3, 3D,  1.680,  0.000, 13.758,    53
61.487, -2.259,   none, 3D,  1.596,  0.000, 13.758,    53
61.572, -2.218,   none, 3D,  1.511,  0.000, 13.758,    53
61.703, -2.168,   none, 3D,  1.426,  0.000, 13.858,    53
61.788, -2.117,   none, 3D,  1.341,  0.000, 13.858,    53
61.873, -2.061,   none, 3D,  1.256,  0.000, 13.858,    53
62.004, -2.006,   none, 3D,  1.171,  0.000, 13.958,    53
62.089, -1.974,   none, 3D,  1.086,  0.000, 13.958,    53
62.174, -1.945,   none, 3D,  1.001,  0.000, 13.958,    53
62.305, -1.921, saddle, 3D,  0.916,  0.000, 14.058,    53
62.390, -1.926,   none, 3D,  0.831,  0.000, 14.058,    53
62.475, -1.933,   none, 3D,  0.746,  0.000, 14.058,    53
62.559, -1.942,   none, 3D,  0.662,  0.000, 14.058,    53
62.690, -1.971,   none, 3D,  0.577,  0.000, 14.157,    53
62.775, -1.997,   none, 3D,  0.492,  0.000, 14.157,    53
62.860, -2.018,   none, 3D,  0.407,  0.000, 14.157,    53
62.991, -2.042,   none, 3D,  0.322,  0.000, 14.257,    53
63.076, -2.062,   none, 3D,  0.237,  0.000, 14.257,    53
63.161, -2.072, Li_i16, 3D,  0.152,  0.000, 14.257,   525
63.246, -2.071,   none, 3D,  0.067,  0.000, 14.257,   525
63.377, -2.065,   none, 3D, -0.018,  0.000, 14.357,   525
63.462, -2.053,   none, 3D, 10.082,  0.000, 14.357,   525
63.547, -2.030,   none, 3D,  9.997,  0.000, 14.357,   525
63.631, -1.997,   none, 3D,  9.912,  0.000, 14.357,   525
63.762, -1.956,   none, 3D,  9.827,  0.000, 14.456,   525
63.847, -1.920,   none, 3D,  9.743,  0.000, 14.456,   525
63.932, -1.877,   none, 3D,  9.658,  0.000, 14.456,   525
64.063, -1.831,   none, 3D,  9.573,  0.000, 14.556,   525
64.148, -1.806,   none, 3D,  9.488,  0.000, 14.556,   525
64.233, -1.779,   none, 3D,  9.403,  0.000, 14.556,   525
64.364, -1.772, saddle, 3D,  9.318,  0.000, 14.656,   525
64.449, -1.783,   none, 3D,  9.233,  0.000, 14.656,   525
64.580, -1.802,   none, 3D,  9.148,  0.000, 14.755,   525
64.665, -1.854,   none, 3D,  9.063,  0.000, 14.755,   525
64.750, -1.906,   none, 3D,  8.978,  0.000, 14.755,   525
64.881, -1.982,   none, 3D,  8.893,  0.000, 14.855,   525
64.966, -2.056,   none, 3D,  8.808,  0.000, 14.855,   525
65.097, -2.128,   none, 3D,  8.723,  0.000, 14.955,   525
65.181, -2.194,   none, 3D,  8.639,  0.000, 14.955,   525
65.266, -2.235,   none, 3D,  8.554,  0.000, 14.955,   525
65.351, -2.246,   Li12, 3D,  8.469,  0.000, 14.955,   468
65.451, -2.238,   none, 3D,  8.469,  0.000, 15.055,   468
65.551, -2.203,   none, 3D,  8.469,  0.000, 15.154,   468
65.650, -2.156,   none, 3D,  8.469,  0.000, 15.254,   468
65.750, -2.106,   none, 3D,  8.468,  0.000, 15.354,   468
65.850, -2.062,   none, 3D,  8.468,  0.000, 15.453,   468
65.949, -2.028,   none, 3D,  8.468,  0.000, 15.553,   468
66.049, -2.006,   none, 3D,  8.468,  0.000, 15.653,   468
66.149, -1.999, saddle, 3D,  8.468,  0.000, 15.752,   468
66.248, -2.004,   none, 3D,  8.468,  0.000, 15.852,   468
66.348, -2.019,   none, 3D,  8.468,  0.000, 15.952,   468
66.448, -2.042,   none, 3D,  8.468,  0.000, 16.052,   468
66.548, -2.068,   none, 3D,  8.467,  0.000, 16.151,   468
66.647, -2.096,   none, 3D,  8.467,  0.000, 16.251,   468
66.747, -2.122,   none, 3D,  8.467,  0.000, 16.351,   468
66.847, -2.144,   none, 3D,  8.467,  0.000, 16.450,   468
66.946, -2.160,   none, 3D,  8.467,  0.000, 16.550,   468
67.046, -2.170,   none, 3D,  8.467,  0.000, 16.650,   468
67.146, -2.174, Li_i25, 3D,  8.467,  0.000, 16.749,   470
67.245, -2.170,   none, 3D,  8.467,  0.000, 16.849,   470
67.345, -2.160,   none, 3D,  8.466,  0.000, 16.949,   470
67.445, -2.144,   none, 3D,  8.466,  0.000, 17.049,   470
67.545, -2.122,   none, 3D,  8.466,  0.000, 17.148,   470
67.644, -2.096,   none, 3D,  8.466,  0.000, 17.248,   470
67.744, -2.069,   none, 3D,  8.466,  0.000, 17.348,   470
67.844, -2.042,   none, 3D,  8.466,  0.000, 17.447,   470
67.943, -2.020,   none, 3D,  8.466,  0.000, 17.547,   470
68.043, -2.004,   none, 3D,  8.466,  0.000, 17.647,   470
68.143, -1.999, saddle, 3D,  8.465,  0.000, 17.746,   470
68.242, -2.007,   none, 3D,  8.465,  0.000, 17.846,   470
68.342, -2.029,   none, 3D,  8.465,  0.000, 17.946,   470
68.442, -2.063,   none, 3D,  8.465,  0.000, 18.046,   470
68.542, -2.107,   none, 3D,  8.465,  0.000, 18.145,   470
68.641, -2.157,   none, 3D,  8.465,  0.000, 18.245,   470
68.741, -2.204,   none, 3D,  8.465,  0.000, 18.345,   470
68.841, -2.238,   none, 3D,  8.465,  0.000, 18.444,   470
68.940, -2.245,    Li7, 3D,  8.464,  0.000, 18.544,   490
69.021, -2.232,   none, 3D,  8.464,  0.081, 18.544,   490
69.103, -2.192,   none, 3D,  8.464,  0.162, 18.544,   490
69.220, -2.136,   none, 3D,  8.549,  0.243, 18.544,   490
69.348, -2.069,   none, 3D,  8.549,  0.324, 18.644,   490
69.466, -2.019,   none, 3D,  8.634,  0.405, 18.644,   490
69.583, -1.962,   none, 3D,  8.719,  0.486, 18.644,   490
69.712, -1.932,   none, 3D,  8.719,  0.568, 18.743,   490
69.829, -1.919,   none, 3D,  8.804,  0.649, 18.743,   490
69.983, -1.908, saddle, 3D,  8.888,  0.730, 18.843,   490
70.064, -1.929,   none, 3D,  8.888,  0.811, 18.843,   490
70.181, -1.951,   none, 3D,  8.973,  0.892, 18.843,   490
70.263, -1.975,   none, 3D,  8.973,  0.973, 18.843,   490
70.416, -2.015,   none, 3D,  9.058,  1.054, 18.943,   490
70.498, -2.044,   none, 3D,  9.058,  1.135, 18.943,   490
70.615, -2.075,   none, 3D,  9.143,  1.216, 18.943,   490
70.696, -2.097,   none, 3D,  9.143,  1.297, 18.943,   490
70.850, -2.117,   none, 3D,  9.228,  1.378, 19.043,   490
70.931, -2.129,   none, 3D,  9.228,  1.459, 19.043,   490
71.048, -2.133, Li_i17, 3D,  9.313,  1.541, 19.043,   548
71.129, -2.131,   none, 3D,  9.313,  1.622, 19.043,   548
71.211, -2.116,   none, 3D,  9.313,  1.703, 19.043,   548
71.364, -2.099,   none, 3D,  9.397,  1.784, 19.142,   548
71.446, -2.071,   none, 3D,  9.397,  1.865, 19.142,   548
71.600, -2.041,   none, 3D,  9.482,  1.946, 19.242,   548
71.717, -2.014,   none, 3D,  9.567,  2.027, 19.242,   548
71.871, -1.994,   none, 3D,  9.652,  2.108, 19.342,   548
71.952, -1.974, saddle, 3D,  9.652,  2.189, 19.342,   548
72.106, -1.977,   none, 3D,  9.736,  2.270, 19.441,   548
72.223, -1.990,   none, 3D,  9.821,  2.351, 19.441,   548
72.377, -2.025,   none, 3D,  9.906,  2.432, 19.541,   548
72.458, -2.062,   none, 3D,  9.906,  2.514, 19.541,   548
72.612, -2.119,   none, 3D,  9.991,  2.595, 19.641,   548
72.730, -2.176,   none, 3D, 10.076,  2.676, 19.641,   548
72.811, -2.222,   none, 3D, 10.076,  2.757, 19.641,   548
72.965, -2.262,   none, 3D, -0.024,  2.838, 19.740,   548
73.046, -2.277,    Li2, 3D, -0.024,  2.919, 19.740,     4
73.145, -2.253,   none, 3D, -0.025,  2.919, 19.840,     4
73.245, -2.208,   none, 3D, -0.025,  2.919, 19.940,     4
73.345, -2.152,   none, 3D, -0.025,  2.919, 20.040,     4
73.444, -2.094,   none, 3D, -0.025,  2.919, 20.139,     4
73.544, -2.043,   none, 3D, -0.025,  2.919, 20.239,     4
73.644, -2.001,   none, 3D, -0.025,  2.919, 20.339,     4
73.744, -1.973,   none, 3D, -0.025,  2.919, 20.438,     4
73.843, -1.959,   none, 3D, -0.025,  2.919, 20.538,     4
73.943, -1.958, saddle, 3D, -0.026,  2.919, 20.638,     4
74.043, -1.970,   none, 3D, -0.026,  2.919, 20.737,     4
74.142, -1.990,   none, 3D, -0.026,  2.919, 20.837,     4
74.242, -2.015,   none, 3D, -0.026,  2.919, 20.937,     4
74.342, -2.041,   none, 3D, -0.026,  2.919, 21.037,     4
74.441, -2.063,   none, 3D, -0.026,  2.919, 21.136,     4
74.541, -2.079,   none, 3D, -0.026,  2.919, 21.236,     4
74.641, -2.086,  Li_i3, 3D, -0.026,  2.919, 21.336,     6
74.741, -2.082,   none, 3D, -0.027,  2.919, 21.435,     6
74.840, -2.067,   none, 3D, -0.027,  2.919, 21.535,     6
74.940, -2.040,   none, 3D, -0.027,  2.919, 21.635,     6
75.040, -2.003,   none, 3D, -0.027,  2.919, 21.734,     6
75.139, -1.958,   none, 3D, -0.027,  2.919, 21.834,     6
75.239, -1.908,   none, 3D, -0.027,  2.919, 21.934,     6
75.339, -1.858,   none, 3D, -0.027,  2.919, 22.034,     6
75.438, -1.812,   none, 3D, -0.027,  2.919, 22.133,     6
75.538, -1.776,   none, 3D, -0.027,  2.919, 22.233,     6
75.638, -1.754,   none, 3D, -0.028,  2.919, 22.333,     6
75.738, -1.751, saddle, 3D, -0.028,  2.919, 22.432,     6
75.837, -1.768,   none, 3D, -0.028,  2.919, 22.532,     6
75.937, -1.806,   none, 3D, -0.028,  2.919, 22.632,     6
76.037, -1.863,   none, 3D, -0.028,  2.919, 22.731,     6
76.136, -1.934,   none, 3D, -0.028,  2.919, 22.831,     6
76.236, -2.013,   none, 3D, -0.028,  2.919, 22.931,     6
76.336, -2.093,   none, 3D, -0.028,  2.919, 23.030,     6
76.435, -2.164,   none, 3D, -0.029,  2.919, 23.130,     6
76.535, -2.218,   none, 3D, -0.029,  2.919, 23.230,     6
90.027, -2.239,    Li6, 0D,  1.685,  0.000, 10.169,   116
90.108, -2.227,   none, 0D,  1.685,  0.081, 10.169,   116
90.226, -2.190,   none, 0D,  1.600,  0.162, 10.169,   116
90.307, -2.142,   none, 0D,  1.600,  0.243, 10.169,   116
90.435, -2.092,   none, 0D,  1.600,  0.324, 10.070,   116
90.553, -1.964,   none, 0D,  1.685,  0.405, 10.070,   116
90.707, -1.789,   none, 0D,  1.770,  0.486,  9.970,   116
90.861, -1.581,   none, 0D,  1.855,  0.568,  9.870,   116
91.015, -1.372,   none, 0D,  1.940,  0.649,  9.771,   116
91.169, -1.185,   none, 0D,  2.025,  0.730,  9.671,   116
91.323, -1.035,   none, 0D,  2.110,  0.811,  9.571,   116
91.440, -0.977,   none, 0D,  2.195,  0.892,  9.571,   116
91.594, -0.948, saddle, 0D,  2.280,  0.973,  9.471,   116
91.712, -0.979,   none, 0D,  2.365,  0.892,  9.471,   116
91.829, -1.050,   none, 0D,  2.450,  0.811,  9.471,   116
91.983, -1.179,   none, 0D,  2.534,  0.730,  9.571,   116
92.101, -1.341,   none, 0D,  2.619,  0.649,  9.571,   116
92.218, -1.506,   none, 0D,  2.704,  0.568,  9.571,   116
92.335, -1.661,   none, 0D,  2.789,  0.486,  9.571,   116
92.453, -1.799,   none, 0D,  2.874,  0.405,  9.571,   116
92.607, -1.928,   none, 0D,  2.959,  0.324,  9.671,   116
92.724, -2.023,   none, 0D,  3.043,  0.243,  9.671,   116
92.841, -2.086,   none, 0D,  3.128,  0.162,  9.671,   116
92.959, -2.120,   none, 0D,  3.213,  0.081,  9.671,   116
93.113, -2.136,   none, 0D,  3.298,  0.000,  9.571,   116
93.198, -2.141, Li_i23, 0D,  3.383,  0.000,  9.571,   125
93.283, -2.136,   none, 0D,  3.298,  0.000,  9.571,   125
93.414, -2.127,   none, 0D,  3.213,  0.000,  9.671,   125
93.498, -2.116,   none, 0D,  3.128,  0.000,  9.671,   125
93.583, -2.096,   none, 0D,  3.043,  0.000,  9.671,   125
93.714, -2.071,   none, 0D,  2.958,  0.000,  9.771,   125
93.799, -2.052,   none, 0D,  2.874,  0.000,  9.771,   125
93.884, -2.026,   none, 0D,  2.789,  0.000,  9.771,   125
94.015, -1.996,   none, 0D,  2.704,  0.000,  9.870,   125
94.100, -1.985,   none, 0D,  2.619,  0.000,  9.870,   125
94.185, -1.972,   none, 0D,  2.534,  0.000,  9.870,   125
94.316, -1.960, saddle, 0D,  2.449,  0.000,  9.970,   125
94.401, -1.975,   none, 0D,  2.364,  0.000,  9.970,   125
94.486, -1.993,   none, 0D,  2.279,  0.000,  9.970,   125
94.617, -2.014,   none, 0D,  2.194,  0.000, 10.070,   125
94.701, -2.059,   none, 0D,  2.109,  0.000, 10.070,   125
94.786, -2.103,   none, 0D,  2.025,  0.000, 10.070,   125
94.917, -2.143,   none, 0D,  1.940,  0.000, 10.169,   125
95.002, -2.192,   none, 0D,  1.855,  0.000, 10.169,   125
95.087, -2.226,   none, 0D,  1.770,  0.000, 10.169,   125
