r_coor, energy,   site, dn,      x,      y,      z, index
 2.067, -2.032,    Li3, 1D, -0.957, -0.449,  8.035,    52
 2.149, -2.032,   none, 1D, -0.917, -0.378,  8.035,    52
 2.230, -2.018,   none, 1D, -0.877, -0.307,  8.035,    52
 2.309, -2.000,   none, 1D, -0.797, -0.307,  8.035,    52
 2.391, -1.975,   none, 1D, -0.757, -0.237,  8.035,    52
 2.472, -1.945,   none, 1D, -0.717, -0.166,  8.035,    52
 2.554, -1.912,   none, 1D, -0.676, -0.095,  8.035,    52
 2.666, -1.883,   none, 1D, -0.620, -0.112,  8.131,    52
 2.747, -1.865,   none, 1D, -0.580, -0.041,  8.131,    52
 2.829, -1.848,   none, 1D, -0.539,  0.029,  8.131,    52
 2.908, -1.839, saddle, 1D, -0.460,  0.029,  8.131,    52
 2.990, -1.841,   none, 1D, -0.420,  0.100,  8.131,    52
 3.071, -1.845,   none, 1D, -0.380,  0.171,  8.131,    52
 3.153, -1.852,   none, 1D, -0.339,  0.242,  8.131,    52
 3.232, -1.874,   none, 1D, -0.260,  0.242,  8.131,    52
 3.313, -1.901,   none, 1D, -0.220,  0.313,  8.131,    52
 3.395, -1.929,   none, 1D, -0.180,  0.383,  8.131,    52
 3.507, -1.970,   none, 1D, -0.123,  0.366,  8.227,    52
 3.589, -2.015,   none, 1D, -0.083,  0.437,  8.227,    52
 3.670, -2.056,   none, 1D, -0.043,  0.508,  8.227,    52
 3.749, -2.101,   none, 1D,  0.037,  0.508,  8.227,    52
 3.831, -2.144,   none, 1D,  0.077,  0.579,  8.227,    52
 3.912, -2.182,   none, 1D,  0.117,  0.649,  8.227,    52
 3.991, -2.214,   none, 1D,  0.197,  0.649,  8.227,    52
 4.073, -2.244,   none, 1D,  0.237,  0.720,  8.227,    52
 4.154, -2.266,   none, 1D,  0.277,  0.791,  8.227,    52
 4.267, -2.281,   none, 1D,  0.334,  0.774,  8.322,    52
 4.411, -2.285,  Li_i6, 1D,  0.397,  0.862,  8.227,    84
 4.542, -2.284,   none, 1D,  0.413,  0.774,  8.322,    84
 4.642, -2.266,   none, 1D,  0.390,  0.757,  8.418,    84
 4.768, -2.231,   none, 1D,  0.328,  0.810,  8.513,    84
 4.868, -2.186,   none, 1D,  0.305,  0.793,  8.609,    84
 4.967, -2.131,   none, 1D,  0.283,  0.776,  8.705,    84
 5.079, -2.068,   none, 1D,  0.300,  0.830,  8.800,    84
 5.178, -2.014,   none, 1D,  0.277,  0.813,  8.896,    84
 5.278, -1.958,   none, 1D,  0.254,  0.795,  8.992,    84
 5.404, -1.918,   none, 1D,  0.193,  0.849,  9.087,    84
 5.504, -1.888,   none, 1D,  2.361,  2.478,  0.000,    84
 5.630, -1.866, saddle, 1D,  2.299,  2.531,  0.096,    84
 5.730, -1.870,   none, 1D,  2.276,  2.514,  0.191,    84
 5.829, -1.882,   none, 1D,  2.253,  2.497,  0.287,    84
 5.940, -1.908,   none, 1D,  2.271,  2.551,  0.383,    84
 6.081, -1.943,   none, 1D,  2.169,  2.534,  0.478,    84
 6.192, -1.985,   none, 1D,  2.186,  2.587,  0.574,    84
 6.292, -2.023,   none, 1D,  2.163,  2.570,  0.670,    84
 6.418, -2.052,   none, 1D,  2.102,  2.624,  0.765,    84
 6.518, -2.069,    Li7, 1D,  2.079,  2.607,  0.861,    94
 6.599, -2.060,   none, 1D,  2.040,  2.677,  0.861,    94
 6.710, -2.050,   none, 1D,  2.057,  2.731,  0.957,    94
 6.791, -2.032,   none, 1D,  2.018,  2.802,  0.957,    94
 6.872, -2.009,   none, 1D,  1.979,  2.873,  0.957,    94
 6.953, -1.987,   none, 1D,  2.019,  2.943,  0.957,    94
 7.034, -1.966,   none, 1D,  1.980,  3.014,  0.957,    94
 7.115, -1.946,   none, 1D,  1.941,  3.085,  0.957,    94
 7.226, -1.930,   none, 1D,  1.959,  3.139,  1.052,    94
 7.307, -1.924,   none, 1D,  1.920,  3.209,  1.052,    94
 7.387, -1.923, saddle, 1D,  1.881,  3.280,  1.052,    94
 7.468, -1.928,   none, 1D,  1.842,  3.351,  1.052,    94
 7.549, -1.938,   none, 1D,  1.803,  3.422,  1.052,    94
 7.630, -1.953,   none, 1D,  1.764,  3.493,  1.052,    94
 7.711, -1.974,   none, 1D,  1.725,  3.563,  1.052,    94
 7.792, -1.999,   none, 1D,  1.686,  3.634,  1.052,    94
 7.872, -2.027,   none, 1D,  1.647,  3.705,  1.052,    94
 7.953, -2.058,   none, 1D,  1.608,  3.776,  1.052,    94
 8.035, -2.090,   none, 1D,  1.648,  3.847,  1.052,    94
 8.115, -2.123,   none, 1D,  1.609,  3.917,  1.052,    94
 8.246, -2.154,   none, 1D,  1.593,  4.005,  0.957,    94
 8.327, -2.186,   none, 1D,  1.554,  4.076,  0.957,    94
 8.408, -2.213,   none, 1D,  1.515,  4.147,  0.957,    94
 8.489, -2.235,   none, 1D,  1.476,  4.218,  0.957,    94
 8.620, -2.249,   none, 1D,  1.460,  4.306,  0.861,    94
 8.701, -2.259,  Li_i8, 1D,  1.500,  4.376,  0.861,   130
 8.783, -2.252,   none, 1D,  1.540,  4.447,  0.861,   130
 8.862, -2.238,   none, 1D,  1.619,  4.447,  0.861,   130
 8.943, -2.213,   none, 1D,  1.660,  4.518,  0.861,   130
 9.056, -2.187,   none, 1D,  1.716,  4.501,  0.957,   130
 9.137, -2.157,   none, 1D,  1.756,  4.572,  0.957,   130
 9.219, -2.123,   none, 1D,  1.797,  4.642,  0.957,   130
 9.300, -2.084,   none, 1D,  1.837,  4.713,  0.957,   130
 9.379, -2.049,   none, 1D,  1.916,  4.713,  0.957,   130
 9.461, -2.014,   none, 1D,  1.957,  4.784,  0.957,   130
 9.572, -1.986,   none, 1D,  1.974,  4.838,  1.052,   130
 9.651, -1.963,   none, 1D,  2.053,  4.838,  1.052,   130
 9.733, -1.947,   none, 1D,  2.094,  4.908,  1.052,   130
 9.814, -1.934,   none, 1D,  2.134,  4.979,  1.052,   130
 9.896, -1.926,   none, 1D,  2.174,  5.050,  1.052,   130
 9.977, -1.922, saddle, 1D,  2.214,  5.121,  1.052,   130
10.056, -1.923,   none, 1D,  2.294,  5.121,  1.052,   130
10.167, -1.935,   none, 1D,  2.311,  5.174,  1.148,   130
10.249, -1.954,   none, 1D,  2.351,  5.245,  1.148,   130
10.330, -1.974,   none, 1D,  2.392,  5.316,  1.148,   130
10.412, -1.994,   none, 1D,  2.432,  5.387,  1.148,   130
10.491, -2.012,   none, 1D,  2.511,  5.387,  1.148,   130
10.572, -2.028,   none, 1D,  2.551,  5.458,  1.148,   130
10.654, -2.036,   Li14, 1D,  2.592,  5.528,  1.148,   142
10.735, -2.034,   none, 1D,  2.632,  5.599,  1.148,   142
10.816, -2.024,   none, 1D,  2.593,  5.670,  1.148,   142
10.898, -2.006,   none, 1D,  2.633,  5.741,  1.148,   142
10.978, -1.983,   none, 1D,  2.594,  5.812,  1.148,   142
11.104, -1.960,   none, 1D,  2.532,  5.865,  1.244,   142
11.185, -1.935,   none, 1D,  2.493,  5.936,  1.244,   142
11.267, -1.916,   none, 1D,  2.534,  6.007,  1.244,   142
11.347, -1.899,   none, 1D,  2.495,  6.078,  1.244,   142
11.428, -1.885,   none, 1D,  2.456,  6.148,  1.244,   142
11.509, -1.874, saddle, 1D,  2.417,  6.219,  1.244,   142
11.635, -1.877,   none, 1D,  2.355,  6.273,  1.339,   142
11.716, -1.890,   none, 1D,  2.316,  6.344,  1.339,   142
11.797, -1.908,   none, 1D,  2.277,  6.414,  1.339,   142
11.877, -1.930,   none, 1D,  2.238,  6.485,  1.339,   142
11.958, -1.954,   none, 1D,  5.943, -0.240,  1.339,   142
12.069, -1.990,   none, 1D,  5.961, -0.186,  1.435,   142
12.150, -2.027,   none, 1D,  5.922, -0.116,  1.435,   142
12.231, -2.057,   none, 1D,  5.883, -0.045,  1.435,   142
12.312, -2.076,   none, 1D,  5.844,  0.026,  1.435,   142
12.423, -2.083,  Li_i1, 1D,  5.861,  0.080,  1.531,   135
12.502, -2.082,   none, 1D,  5.782,  0.080,  1.531,   135
12.613, -2.068,   none, 1D,  5.764,  0.026,  1.435,   135
12.692, -2.046,   none, 1D,  5.685,  0.026,  1.435,   135
12.772, -2.014,   none, 1D,  5.606,  0.026,  1.435,   135
12.910, -1.977,   none, 1D,  5.488,  0.097,  1.435,   135
12.989, -1.943,   none, 1D,  5.408,  0.097,  1.435,   135
13.068, -1.912,   none, 1D,  5.329,  0.097,  1.435,   135
13.147, -1.886,   none, 1D,  5.250,  0.097,  1.435,   135
13.227, -1.868,   none, 1D,  5.171,  0.097,  1.435,   135
13.306, -1.859, saddle, 1D,  5.091,  0.097,  1.435,   135
13.385, -1.859,   none, 1D,  5.012,  0.097,  1.435,   135
13.464, -1.869,   none, 1D,  4.933,  0.097,  1.435,   135
13.602, -1.888,   none, 1D,  4.814,  0.168,  1.435,   135
13.682, -1.917,   none, 1D,  4.735,  0.168,  1.435,   135
13.761, -1.950,   none, 1D,  4.656,  0.168,  1.435,   135
13.840, -1.984,   none, 1D,  4.577,  0.168,  1.435,   135
13.919, -2.017,   none, 1D,  4.497,  0.168,  1.435,   135
13.999, -2.044,   none, 1D,  4.418,  0.168,  1.435,   135
14.111, -2.065,   none, 1D,  4.362,  0.185,  1.339,   135
14.193, -2.080,   none, 1D,  4.321,  0.114,  1.339,   135
14.272, -2.084,   Li12, 1D,  4.242,  0.114,  1.339,   104
14.372, -2.079,   none, 1D,  4.219,  0.097,  1.435,   104
14.483, -2.050,   none, 1D,  4.237,  0.150,  1.531,   104
14.624, -2.016,   none, 1D,  4.135,  0.133,  1.626,   104
14.750, -1.977,   none, 1D,  4.073,  0.187,  1.722,   104
14.849, -1.942,   none, 1D,  4.050,  0.170,  1.817,   104
14.975, -1.918,   none, 1D,  3.988,  0.223,  1.913,   104
15.101, -1.900,   none, 1D,  3.926,  0.277,  2.009,   104
15.201, -1.892,   none, 1D,  3.903,  0.260,  2.104,   104
15.327, -1.889, saddle, 1D,  3.842,  0.314,  2.200,   104
15.439, -1.891,   none, 1D,  3.898,  0.296,  2.296,   104
15.565, -1.899,   none, 1D,  3.836,  0.350,  2.391,   104
15.678, -1.906,   none, 1D,  3.893,  0.333,  2.487,   104
15.789, -1.913,   none, 1D,  3.910,  0.387,  2.583,   104
15.901, -1.917,   none, 1D,  3.967,  0.369,  2.678,   104
16.012, -1.924,   none, 1D,  3.984,  0.423,  2.774,   104
16.124, -1.930,   none, 1D,  4.040,  0.406,  2.870,   104
16.206, -1.934,   none, 1D,  4.081,  0.477,  2.870,   104
16.318, -1.953,   none, 1D,  4.137,  0.460,  2.965,   104
16.431, -1.971,   none, 1D,  4.194,  0.442,  3.061,   104
16.542, -1.990,   none, 1D,  4.211,  0.496,  3.157,   104
16.621, -2.017,   none, 1D,  4.290,  0.496,  3.157,   104
16.733, -2.045,   none, 1D,  4.347,  0.479,  3.252,   104
16.844, -2.074,   none, 1D,  4.364,  0.533,  3.348,   104
16.924, -2.100,   none, 1D,  4.444,  0.533,  3.348,   104
17.035, -2.122,   none, 1D,  4.461,  0.586,  3.444,   104
17.114, -2.137,   none, 1D,  4.540,  0.586,  3.444,   104
17.226, -2.141,  Li_i9, 1D,  4.597,  0.569,  3.539,   140
17.307, -2.140,   none, 1D,  4.558,  0.640,  3.539,   140
17.388, -2.128,   none, 1D,  4.519,  0.711,  3.539,   140
17.470, -2.109,   none, 1D,  4.559,  0.782,  3.539,   140
17.550, -2.085,   none, 1D,  4.520,  0.852,  3.539,   140
17.676, -2.063,   none, 1D,  4.458,  0.906,  3.635,   140
17.757, -2.041,   none, 1D,  4.419,  0.977,  3.635,   140
17.839, -2.023,   none, 1D,  4.459,  1.048,  3.635,   140
17.919, -2.010,   none, 1D,  4.420,  1.118,  3.635,   140
18.000, -2.000,   none, 1D,  4.381,  1.189,  3.635,   140
18.081, -1.995, saddle, 1D,  4.342,  1.260,  3.635,   140
18.192, -2.001,   none, 1D,  4.360,  1.314,  3.731,   140
18.273, -2.017,   none, 1D,  4.321,  1.384,  3.731,   140
18.354, -2.036,   none, 1D,  4.282,  1.455,  3.731,   140
18.435, -2.057,   none, 1D,  4.243,  1.526,  3.731,   140
18.515, -2.078,   none, 1D,  4.204,  1.597,  3.731,   140
18.626, -2.104,   none, 1D,  4.221,  1.650,  3.826,   140
18.707, -2.128,   none, 1D,  4.182,  1.721,  3.826,   140
18.788, -2.140,   none, 1D,  4.143,  1.792,  3.826,   140
18.870, -2.150,   Li15, 1D,  4.184,  1.863,  3.826,   160
18.951, -2.137,   none, 1D,  4.224,  1.934,  3.826,   160
19.032, -2.108,   none, 1D,  4.264,  2.004,  3.826,   160
19.114, -2.069,   none, 1D,  4.304,  2.075,  3.826,   160
19.193, -2.024,   none, 1D,  4.384,  2.075,  3.826,   160
19.275, -1.978,   none, 1D,  4.424,  2.146,  3.826,   160
19.356, -1.933,   none, 1D,  4.464,  2.217,  3.826,   160
19.437, -1.892,   none, 1D,  4.504,  2.288,  3.826,   160
19.582, -1.857,   none, 1D,  4.568,  2.375,  3.731,   160
19.663, -1.841,   none, 1D,  4.608,  2.446,  3.731,   160
19.745, -1.834, saddle, 1D,  4.648,  2.517,  3.731,   160
19.826, -1.835,   none, 1D,  4.688,  2.588,  3.731,   160
19.908, -1.844,   none, 1D,  4.729,  2.659,  3.731,   160
19.989, -1.859,   none, 1D,  4.769,  2.729,  3.731,   160
20.134, -1.886,   none, 1D, -2.779,  2.817,  3.635,   160
20.215, -1.916,   none, 1D, -2.738,  2.888,  3.635,   160
20.296, -1.946,   none, 1D, -2.698,  2.959,  3.635,   160
20.376, -1.978,   none, 1D, -2.619,  2.959,  3.635,   160
20.457, -2.011,   none, 1D, -2.578,  3.030,  3.635,   160
20.539, -2.040,   none, 1D, -2.538,  3.101,  3.635,   160
20.650, -2.067,   none, 1D, -2.521,  3.154,  3.731,   160
20.729, -2.094,   none, 1D, -2.441,  3.154,  3.731,   160
20.810, -2.117,   none, 1D, -2.401,  3.225,  3.731,   160
20.892, -2.132,   none, 1D, -2.361,  3.296,  3.731,   160
20.971, -2.145,   none, 1D, -2.282,  3.296,  3.731,   160
21.053, -2.149,   none, 1D, -2.241,  3.367,  3.731,   160
21.132, -2.150,  Li_i5, 1D, -2.162,  3.367,  3.731,    20
21.273, -2.146,   none, 1D, -2.264,  3.349,  3.826,    20
21.373, -2.129,   none, 1D, -2.287,  3.332,  3.922,    20
21.499, -2.101,   none, 1D, -2.349,  3.386,  4.018,    20
21.598, -2.069,   none, 1D, -2.372,  3.369,  4.113,    20
21.709, -2.030,   none, 1D, -2.354,  3.422,  4.209,    20
21.809, -1.995,   none, 1D, -2.377,  3.405,  4.305,    20
21.909, -1.962,   none, 1D, -2.400,  3.388,  4.400,    20
22.009, -1.933,   none, 1D, -2.423,  3.371,  4.496,    20
22.109, -1.913,   none, 1D, -2.446,  3.354,  4.592,    20
22.209, -1.902, saddle, 1D, -2.468,  3.337,  4.687,    20
22.320, -1.910,   none, 1D, -2.451,  3.390,  4.783,    20
22.419, -1.929,   none, 1D, -2.474,  3.373,  4.879,    20
22.519, -1.958,   none, 1D, -2.497,  3.356,  4.974,    20
22.619, -1.993,   none, 1D, -2.519,  3.339,  5.070,    20
22.719, -2.030,   none, 1D, -2.542,  3.322,  5.165,    20
22.831, -2.068,   none, 1D, -2.486,  3.305,  5.261,    20
22.931, -2.097,   none, 1D, -2.509,  3.287,  5.357,    20
23.031, -2.110,    Li2, 1D, -2.531,  3.270,  5.452,    36
23.112, -2.109,   none, 1D, -2.570,  3.341,  5.452,    36
23.193, -2.102,   none, 1D, -2.530,  3.412,  5.452,    36
23.274, -2.086,   none, 1D, -2.569,  3.483,  5.452,    36
23.385, -2.071,   none, 1D, -2.552,  3.536,  5.548,    36
23.466, -2.056,   none, 1D, -2.591,  3.607,  5.548,    36
23.547, -2.038,   none, 1D, -2.630,  3.678,  5.548,    36
23.628, -2.021,   none, 1D, -2.669,  3.749,  5.548,    36
23.739, -2.013,   none, 1D, -2.651,  3.802,  5.644,    36
23.819, -2.011, saddle, 1D, -2.690,  3.873,  5.644,    36
23.900, -2.012,   none, 1D, -2.729,  3.944,  5.644,    36
23.981, -2.017,   none, 1D, -2.768,  4.015,  5.644,    36
24.063, -2.028,   none, 1D, -2.728,  4.086,  5.644,    36
24.143, -2.043,   none, 1D, -2.767,  4.156,  5.644,    36
24.224, -2.060,   none, 1D, -2.806,  4.227,  5.644,    36
24.350, -2.081,   none, 1D, -2.868,  4.281,  5.739,    36
24.432, -2.101,   none, 1D, -2.828,  4.352,  5.739,    36
24.512, -2.118,   none, 1D, -2.867,  4.422,  5.739,    36
24.593, -2.128,   none, 1D, -2.906,  4.493,  5.739,    36
24.674, -2.128,  Li_i3, 1D, -2.945,  4.564,  5.739,    68
24.786, -2.125,   none, 1D, -2.888,  4.547,  5.835,    68
24.866, -2.112,   none, 1D, -2.809,  4.547,  5.835,    68
24.977, -2.090,   none, 1D, -2.791,  4.600,  5.931,    68
25.056, -2.068,   none, 1D, -2.712,  4.600,  5.931,    68
25.168, -2.042,   none, 1D, -2.656,  4.583,  6.026,    68
25.279, -2.016,   none, 1D, -2.638,  4.637,  6.122,    68
25.359, -1.992,   none, 1D, -2.559,  4.637,  6.122,    68
25.470, -1.971,   none, 1D, -2.542,  4.691,  6.218,    68
25.582, -1.956,   none, 1D, -2.485,  4.673,  6.313,    68
25.695, -1.938,   none, 1D, -2.429,  4.656,  6.409,    68
25.806, -1.923,   none, 1D, -2.411,  4.710,  6.505,    68
25.918, -1.910,   none, 1D, -2.355,  4.693,  6.600,    68
26.029, -1.898,   none, 1D, -2.337,  4.746,  6.696,    68
26.141, -1.887,   none, 1D, -2.281,  4.729,  6.792,    68
26.267, -1.882,   none, 1D, -2.343,  4.783,  6.887,    68
26.380, -1.877, saddle, 1D, -2.286,  4.766,  6.983,    68
26.506, -1.884,   none, 1D, -2.348,  4.819,  7.079,    68
26.632, -1.892,   none, 1D, -2.410,  4.873,  7.174,    68
26.731, -1.911,   none, 1D, -2.433,  4.856,  7.270,    68
26.857, -1.939,   none, 1D, -2.494,  4.910,  7.366,    68
26.983, -1.972,   none, 1D, -2.556,  4.963,  7.461,    68
27.083, -2.011,   none, 1D, -2.579,  4.946,  7.557,    68
27.209, -2.049,   none, 1D, -2.641,  5.000,  7.653,    68
27.309, -2.072,   none, 1D, -2.664,  4.983,  7.748,    68
27.409, -2.072,    Li5, 1D, -2.687,  4.966,  7.844,    51
27.521, -2.068,   none, 1D, -2.743,  4.983,  7.748,    51
27.600, -2.054,   none, 1D, -2.822,  4.983,  7.748,    51
27.680, -2.033,   none, 1D, -2.902,  4.983,  7.748,    51
27.759, -2.008,   none, 1D, -2.981,  4.983,  7.748,    51
27.838, -1.980,   none, 1D, -3.060,  4.983,  7.748,    51
27.917, -1.952,   none, 1D, -3.139,  4.983,  7.748,    51
28.055, -1.932,   none, 1D, -3.258,  5.053,  7.748,    51
28.134, -1.921,   none, 1D, -3.337,  5.053,  7.748,    51
28.214, -1.918, saddle, 1D, -3.416,  5.053,  7.748,    51
28.293, -1.924,   none, 1D, -3.496,  5.053,  7.748,    51
28.372, -1.938,   none, 1D, -3.575,  5.053,  7.748,    51
28.510, -1.967,   none, 1D, -3.693,  5.124,  7.748,    51
28.589, -2.003,   none, 1D, -3.772,  5.124,  7.748,    51
28.669, -2.043,   none, 1D, -3.852,  5.124,  7.748,    51
28.748, -2.080,   none, 1D, -3.931,  5.124,  7.748,    51
28.827, -2.112,   none, 1D, -4.010,  5.124,  7.748,    51
28.907, -2.132,   none, 1D, -4.090,  5.124,  7.748,    51
28.986, -2.134,  Li_i4, 1D, -4.169,  5.124,  7.748,    32
29.067, -2.122,   none, 1D, -4.129,  5.195,  7.748,    32
29.148, -2.095,   none, 1D, -4.168,  5.266,  7.748,    32
29.229, -2.056,   none, 1D, -4.207,  5.337,  7.748,    32
29.310, -2.010,   none, 1D, -0.501, -1.389,  7.748,    32
29.436, -1.974,   none, 1D, -0.563, -1.335,  7.844,    32
29.516, -1.944,   none, 1D, -0.602, -1.264,  7.844,    32
29.597, -1.918,   none, 1D, -0.641, -1.193,  7.844,    32
29.678, -1.897,   none, 1D, -0.680, -1.123,  7.844,    32
29.759, -1.884, saddle, 1D, -0.719, -1.052,  7.844,    32
29.885, -1.885,   none, 1D, -0.781, -0.998,  7.940,    32
29.966, -1.897,   none, 1D, -0.820, -0.927,  7.940,    32
30.047, -1.916,   none, 1D, -0.779, -0.857,  7.940,    32
30.128, -1.940,   none, 1D, -0.818, -0.786,  7.940,    32
30.209, -1.964,   none, 1D, -0.857, -0.715,  7.940,    32
30.290, -1.986,   none, 1D, -0.897, -0.644,  7.940,    32
30.370, -2.004,   none, 1D, -0.936, -0.573,  7.940,    32
30.481, -2.022,   none, 1D, -0.918, -0.520,  8.035,    32
34.356, -1.979,    Li9, 2D,  2.203, -0.462,  5.739,   100
34.467, -1.970,   none, 2D,  2.220, -0.409,  5.835,   100
34.548, -1.948,   none, 2D,  2.181, -0.338,  5.835,   100
34.630, -1.917,   none, 2D,  2.222, -0.267,  5.835,   100
34.711, -1.882,   none, 2D,  2.183, -0.196,  5.835,   100
34.791, -1.841,   none, 2D,  2.144, -0.125,  5.835,   100
34.872, -1.797,   none, 2D,  2.105, -0.055,  5.835,   100
34.954, -1.752,   none, 2D,  2.145,  0.016,  5.835,   100
35.080, -1.716,   none, 2D,  2.083,  0.070,  5.931,   100
35.160, -1.692,   none, 2D,  2.044,  0.141,  5.931,   100
35.241, -1.673,   none, 2D,  2.005,  0.211,  5.931,   100
35.323, -1.666, saddle, 2D,  2.045,  0.282,  5.931,   100
35.404, -1.669,   none, 2D,  2.006,  0.353,  5.931,   100
35.484, -1.675,   none, 2D,  1.967,  0.424,  5.931,   100
35.565, -1.682,   none, 2D,  1.928,  0.495,  5.931,   100
35.647, -1.701,   none, 2D,  1.969,  0.565,  5.931,   100
35.727, -1.718,   none, 2D,  1.930,  0.636,  5.931,   100
35.809, -1.732,   none, 2D,  1.970,  0.707,  5.931,   100
35.935, -1.751,   none, 2D,  1.908,  0.761,  6.026,   100
36.016, -1.765,   none, 2D,  1.948,  0.831,  6.026,   100
36.161, -1.769,   none, 2D,  2.012,  0.919,  5.931,   100
36.287, -1.776,   none, 2D,  1.950,  0.973,  6.026,   100
36.431, -1.783,   none, 2D,  2.013,  1.061,  5.931,   100
36.512, -1.792,   none, 2D,  2.053,  1.132,  5.931,   100
36.594, -1.804,   none, 2D,  2.093,  1.202,  5.931,   100
36.675, -1.821,   none, 2D,  2.134,  1.273,  5.931,   100
36.757, -1.842,   none, 2D,  2.174,  1.344,  5.931,   100
36.836, -1.874,   none, 2D,  2.253,  1.344,  5.931,   100
36.981, -1.912,   none, 2D,  2.316,  1.432,  5.835,   100
37.062, -1.966,   none, 2D,  2.357,  1.503,  5.835,   100
37.143, -2.021,   none, 2D,  2.397,  1.574,  5.835,   100
37.225, -2.075,   none, 2D,  2.437,  1.644,  5.835,   100
37.306, -2.126,   none, 2D,  2.477,  1.715,  5.835,   100
37.388, -2.174,   none, 2D,  2.518,  1.786,  5.835,   100
37.469, -2.215,   none, 2D,  2.558,  1.857,  5.835,   100
37.548, -2.250,   none, 2D,  2.637,  1.857,  5.835,   100
37.630, -2.281,   none, 2D,  2.677,  1.928,  5.835,   100
37.711, -2.301,   none, 2D,  2.718,  1.998,  5.835,   100
37.791, -2.310,   none, 2D,  2.797,  1.998,  5.835,   100
37.872, -2.311,   Li13, 2D,  2.837,  2.069,  5.835,   151
37.983, -2.304,   none, 2D,  2.855,  2.123,  5.931,   151
38.062, -2.287,   none, 2D,  2.934,  2.123,  5.931,   151
38.241, -2.261,   none, 2D,  3.075,  2.069,  5.835,   151
38.379, -2.227,   none, 2D,  3.193,  1.998,  5.835,   151
38.558, -2.205,   none, 2D,  3.334,  1.945,  5.739,   151
38.736, -2.186,   none, 2D,  3.476,  1.891,  5.644,   151
38.816, -2.176,   none, 2D,  3.555,  1.891,  5.644,   151
38.994, -2.169,   none, 2D,  3.696,  1.837,  5.548,   151
39.135, -2.164,   none, 2D,  3.798,  1.854,  5.452,   151
39.261, -2.154,   none, 2D,  3.860,  1.801,  5.357,   151
39.402, -2.137,   none, 2D,  3.962,  1.818,  5.261,   151
39.502, -2.112,   none, 2D,  3.985,  1.835,  5.165,   151
39.613, -2.084,   none, 2D,  3.967,  1.781,  5.070,   151
39.713, -2.053,   none, 2D,  3.990,  1.799,  4.974,   151
39.813, -2.021,   none, 2D,  4.013,  1.816,  4.879,   151
39.913, -1.993,   none, 2D,  4.036,  1.833,  4.783,   151
40.038, -1.972,   none, 2D,  4.098,  1.779,  4.687,   151
40.138, -1.960, saddle, 2D,  4.120,  1.796,  4.592,   151
40.251, -1.963,   none, 2D,  4.064,  1.814,  4.496,   151
40.351, -1.979,   none, 2D,  4.087,  1.831,  4.400,   151
40.450, -2.004,   none, 2D,  4.110,  1.848,  4.305,   151
40.550, -2.037,   none, 2D,  4.133,  1.865,  4.209,   151
40.650, -2.074,   none, 2D,  4.155,  1.882,  4.113,   151
40.761, -2.109,   none, 2D,  4.138,  1.828,  4.018,   151
40.861, -2.139,   none, 2D,  4.161,  1.846,  3.922,   151
44.170, -2.128,  Li_i3, 2D, -2.945,  4.564,  5.739,    62
44.250, -2.114,   none, 2D, -2.984,  4.635,  5.739,    62
44.395, -2.074,   none, 2D, -2.920,  4.723,  5.644,    62
44.526, -2.021,   none, 2D, -2.937,  4.811,  5.548,    62
44.657, -1.964,   none, 2D, -2.953,  4.899,  5.452,    62
44.801, -1.911,   none, 2D, -2.890,  4.987,  5.357,    62
44.932, -1.866,   none, 2D, -2.906,  5.074,  5.261,    62
45.077, -1.826,   none, 2D, -2.843,  5.162,  5.165,    62
45.221, -1.788,   none, 2D, -2.780,  5.250,  5.070,    62
45.365, -1.755,   none, 2D, -2.717,  5.338,  4.974,    62
45.447, -1.729,   none, 2D, -2.676,  5.409,  4.974,    62
45.591, -1.706,   none, 2D, -2.613,  5.497,  4.879,    62
45.673, -1.691,   none, 2D, -2.573,  5.568,  4.879,    62
45.754, -1.678,   none, 2D, -2.533,  5.639,  4.879,    62
45.836, -1.667,   none, 2D, -2.492,  5.709,  4.879,    62
45.915, -1.660,   none, 2D, -2.413,  5.709,  4.879,    62
45.996, -1.657,   none, 2D, -2.373,  5.780,  4.879,    62
46.107, -1.653,   none, 2D, -2.355,  5.834,  4.974,    62
46.187, -1.652, saddle, 2D, -2.276,  5.834,  4.974,    62
46.298, -1.653,   none, 2D,  1.486, -0.909,  5.070,    62
46.379, -1.653,   none, 2D,  1.526, -0.838,  5.070,    62
46.492, -1.660,   none, 2D,  1.582, -0.855,  5.165,    62
46.573, -1.668,   none, 2D,  1.623, -0.784,  5.165,    62
46.685, -1.682,   none, 2D,  1.679, -0.801,  5.261,    62
46.767, -1.697,   none, 2D,  1.719, -0.731,  5.261,    62
46.879, -1.723,   none, 2D,  1.776, -0.748,  5.357,    62
46.992, -1.743,   none, 2D,  1.832, -0.765,  5.452,    62
47.073, -1.783,   none, 2D,  1.873, -0.694,  5.452,    62
47.186, -1.814,   none, 2D,  1.929, -0.711,  5.548,    62
47.267, -1.854,   none, 2D,  1.969, -0.640,  5.548,    62
47.379, -1.890,   none, 2D,  2.026, -0.658,  5.644,    62
47.461, -1.926,   none, 2D,  2.066, -0.587,  5.644,    62
47.573, -1.952,   none, 2D,  2.123, -0.604,  5.739,    62
47.655, -1.976,   none, 2D,  2.163, -0.533,  5.739,    62
53.148, -2.228,    Li6, 3D,  0.663,  4.484,  1.052,    60
53.227, -2.224,   none, 3D,  0.584,  4.484,  1.052,    60
53.388, -2.194,   none, 3D,  0.488,  4.572,  0.957,    60
53.549, -2.142,   none, 3D,  0.393,  4.660,  0.861,    60
53.711, -2.071,   none, 3D,  0.297,  4.748,  0.765,    60
53.872, -1.988,   none, 3D,  0.202,  4.835,  0.670,    60
54.033, -1.900,   none, 3D,  0.106,  4.923,  0.574,    60
54.194, -1.815,   none, 3D,  0.011,  5.011,  0.478,    60
54.356, -1.742,   none, 3D, -0.085,  5.099,  0.383,    60
54.517, -1.686,   none, 3D, -0.180,  5.187,  0.287,    60
54.678, -1.648,   none, 3D, -0.276,  5.275,  0.191,    60
54.809, -1.628,   none, 3D, -0.292,  5.363,  0.096,    60
54.970, -1.624, saddle, 3D, -0.387,  5.451,  0.000,    60
55.101, -1.626,   none, 3D, -2.595,  3.893,  9.087,    60
55.262, -1.632,   none, 3D, -2.690,  3.981,  8.992,    60
55.362, -1.643,   none, 3D, -2.667,  3.998,  8.896,    60
55.493, -1.656,   none, 3D, -2.683,  4.086,  8.800,    60
55.624, -1.670,   none, 3D, -2.700,  4.174,  8.705,    60
55.755, -1.686,   none, 3D, -2.716,  4.262,  8.609,    60
55.899, -1.716,   none, 3D, -2.653,  4.350,  8.513,    60
56.030, -1.754,   none, 3D, -2.669,  4.438,  8.418,    60
56.161, -1.800,   none, 3D, -2.685,  4.526,  8.322,    60
56.306, -1.861,   none, 3D, -2.622,  4.614,  8.227,    60
56.437, -1.925,   none, 3D, -2.638,  4.702,  8.131,    60
56.568, -1.986,   none, 3D, -2.654,  4.790,  8.035,    60
56.699, -2.039,   none, 3D, -2.670,  4.878,  7.940,    60
60.514, -2.083,  Li_i1, 0D,  5.861,  0.080,  1.531,   152
60.640, -2.058,   none, 0D,  5.799,  0.133,  1.626,   152
60.752, -2.015,   none, 0D,  5.856,  0.116,  1.722,   152
60.864, -1.963,   none, 0D,  5.873,  0.170,  1.817,   152
60.975, -1.902,   none, 0D,  5.891,  0.223,  1.913,   152
61.074, -1.852,   none, 0D,  5.868,  0.206,  2.009,   152
61.185, -1.812,   none, 0D,  5.885,  0.260,  2.104,   152
61.297, -1.779,   none, 0D,  5.903,  0.314,  2.200,   152
61.396, -1.777, saddle, 0D,  5.880,  0.296,  2.296,   152
61.507, -1.789,   none, 0D,  5.897,  0.350,  2.391,   152
61.607, -1.816,   none, 0D,  5.875,  0.333,  2.487,   152
61.718, -1.867,   none, 0D,  5.892,  0.387,  2.583,   152
61.829, -1.919,   none, 0D,  5.909,  0.440,  2.678,   152
61.929, -1.980,   none, 0D,  5.887,  0.423,  2.774,   152
62.040, -2.030,   none, 0D,  5.904,  0.477,  2.870,   152
62.140, -2.066,   none, 0D,  5.881,  0.460,  2.965,   152
62.240, -2.075,   Li17, 0D,  5.858,  0.442,  3.061,   149
62.319, -2.061,   none, 0D,  5.779,  0.442,  3.061,   149
62.398, -2.031,   none, 0D,  5.700,  0.442,  3.061,   149
62.539, -1.994,   none, 0D,  5.598,  0.425,  3.157,   149
62.619, -1.960,   none, 0D,  5.519,  0.425,  3.157,   149
62.797, -1.949,   none, 0D,  5.377,  0.479,  3.252,   149
62.976, -1.944, saddle, 0D,  5.236,  0.533,  3.348,   149
63.055, -1.965,   none, 0D,  5.157,  0.533,  3.348,   149
63.196, -1.995,   none, 0D,  5.055,  0.516,  3.444,   149
63.334, -2.035,   none, 0D,  4.937,  0.586,  3.444,   149
63.513, -2.076,   none, 0D,  4.796,  0.640,  3.539,   149
63.592, -2.113,   none, 0D,  4.716,  0.640,  3.539,   149
63.671, -2.135,   none, 0D,  4.637,  0.640,  3.539,   149
63.753, -2.141,  Li_i9, 0D,  4.597,  0.569,  3.539,   105
63.865, -2.137,   none, 0D,  4.540,  0.586,  3.444,   105
63.945, -2.122,   none, 0D,  4.461,  0.586,  3.444,   105
64.056, -2.100,   none, 0D,  4.444,  0.533,  3.348,   105
64.135, -2.074,   none, 0D,  4.364,  0.533,  3.348,   105
64.246, -2.045,   none, 0D,  4.347,  0.479,  3.252,   105
64.358, -2.017,   none, 0D,  4.290,  0.496,  3.157,   105
64.438, -1.990,   none, 0D,  4.211,  0.496,  3.157,   105
64.549, -1.971,   none, 0D,  4.194,  0.442,  3.061,   105
64.661, -1.953,   none, 0D,  4.137,  0.460,  2.965,   105
64.773, -1.934,   none, 0D,  4.081,  0.477,  2.870,   105
64.855, -1.930,   none, 0D,  4.040,  0.406,  2.870,   105
64.967, -1.924,   none, 0D,  3.984,  0.423,  2.774,   105
65.078, -1.917,   none, 0D,  3.967,  0.369,  2.678,   105
65.191, -1.913,   none, 0D,  3.910,  0.387,  2.583,   105
65.302, -1.906,   none, 0D,  3.893,  0.333,  2.487,   105
65.414, -1.899,   none, 0D,  3.836,  0.350,  2.391,   105
65.540, -1.891,   none, 0D,  3.898,  0.296,  2.296,   105
65.652, -1.889, saddle, 0D,  3.842,  0.314,  2.200,   105
65.778, -1.892,   none, 0D,  3.903,  0.260,  2.104,   105
65.878, -1.900,   none, 0D,  3.926,  0.277,  2.009,   105
66.004, -1.918,   none, 0D,  3.988,  0.223,  1.913,   105
66.130, -1.942,   none, 0D,  4.050,  0.170,  1.817,   105
66.230, -1.977,   none, 0D,  4.073,  0.187,  1.722,   105
66.356, -2.016,   none, 0D,  4.135,  0.133,  1.626,   105
66.497, -2.050,   none, 0D,  4.237,  0.150,  1.531,   105
66.608, -2.079,   none, 0D,  4.219,  0.097,  1.435,   105
66.708, -2.084,   Li12, 0D,  4.242,  0.114,  1.339,   134
66.787, -2.080,   none, 0D,  4.321,  0.114,  1.339,   134
66.868, -2.065,   none, 0D,  4.362,  0.185,  1.339,   134
66.981, -2.044,   none, 0D,  4.418,  0.168,  1.435,   134
67.060, -2.017,   none, 0D,  4.497,  0.168,  1.435,   134
67.139, -1.984,   none, 0D,  4.577,  0.168,  1.435,   134
67.218, -1.950,   none, 0D,  4.656,  0.168,  1.435,   134
67.298, -1.917,   none, 0D,  4.735,  0.168,  1.435,   134
67.377, -1.888,   none, 0D,  4.814,  0.168,  1.435,   134
67.515, -1.869,   none, 0D,  4.933,  0.097,  1.435,   134
67.594, -1.859,   none, 0D,  5.012,  0.097,  1.435,   134
67.673, -1.859, saddle, 0D,  5.091,  0.097,  1.435,   134
67.753, -1.868,   none, 0D,  5.171,  0.097,  1.435,   134
67.832, -1.886,   none, 0D,  5.250,  0.097,  1.435,   134
67.911, -1.912,   none, 0D,  5.329,  0.097,  1.435,   134
67.991, -1.943,   none, 0D,  5.408,  0.097,  1.435,   134
68.070, -1.977,   none, 0D,  5.488,  0.097,  1.435,   134
68.208, -2.014,   none, 0D,  5.606,  0.026,  1.435,   134
68.287, -2.046,   none, 0D,  5.685,  0.026,  1.435,   134
68.366, -2.068,   none, 0D,  5.764,  0.026,  1.435,   134
68.477, -2.082,   none, 0D,  5.782,  0.080,  1.531,   134
