r_coor, energy,   site, dn,      x,      y,      z, index
 3.084, -2.161,  Li_i6, 1D,  2.180,  5.418,  6.148,    74
 3.243, -2.157,   none, 1D,  2.280,  5.324,  6.230,    74
 3.372, -2.137,   none, 1D,  2.379,  5.324,  6.312,    74
 3.531, -2.111,   none, 1D,  2.479,  5.231,  6.394,    74
 3.660, -2.079,   none, 1D,  2.578,  5.231,  6.476,    74
 3.819, -2.047,   none, 1D,  2.678,  5.137,  6.558,    74
 3.948, -2.030,   none, 1D,  2.777,  5.137,  6.640,    74
 4.077, -2.021, saddle, 1D,  2.877,  5.137,  6.722,    74
 4.206, -2.022,   none, 1D,  2.977,  5.137,  6.804,    74
 4.366, -2.041,   none, 1D,  3.076,  5.044,  6.885,    74
 4.495, -2.067,   none, 1D,  3.176,  5.044,  6.967,    74
 4.624, -2.091,   none, 1D,  3.275,  5.044,  7.049,    74
 4.783, -2.120,   none, 1D,  3.375,  4.951,  7.131,    74
 4.912, -2.135,   none, 1D,  3.474,  4.951,  7.213,    74
 5.036, -2.150,   none, 1D,  3.474,  4.857,  7.295,    74
 5.118, -2.162,   none, 1D,  3.474,  4.857,  7.377,    74
 5.242, -2.172,   none, 1D,  3.474,  4.764,  7.459,    74
 5.367, -2.185,   none, 1D,  3.474,  4.670,  7.541,    74
 5.491, -2.201,   none, 1D,  3.473,  4.577,  7.623,    74
 5.615, -2.217,   none, 1D,  3.473,  4.484,  7.705,    74
 5.739, -2.226,  Li_i9, 1D,  3.473,  4.390,  7.787,   116
 5.833, -2.221,   none, 1D,  3.473,  4.297,  7.787,   116
 5.969, -2.204,   none, 1D,  3.573,  4.203,  7.787,   116
 6.106, -2.174,   none, 1D,  3.673,  4.110,  7.787,   116
 6.243, -2.142,   none, 1D,  3.772,  4.016,  7.787,   116
 6.402, -2.116,   none, 1D,  3.872,  3.923,  7.705,   116
 6.539, -2.107, saddle, 1D,  3.972,  3.830,  7.705,   116
 6.676, -2.110,   none, 1D,  4.072,  3.736,  7.705,   116
 6.812, -2.124,   none, 1D,  4.172,  3.643,  7.705,   116
 6.949, -2.145,   none, 1D,  4.271,  3.549,  7.705,   116
 7.086, -2.164,   none, 1D,  4.371,  3.456,  7.705,   116
 7.179, -2.171, Li_i11, 1D,  4.371,  3.363,  7.705,   115
 7.273, -2.164,   none, 1D,  4.371,  3.269,  7.705,   115
 7.409, -2.145,   none, 1D,  4.271,  3.176,  7.705,   115
 7.546, -2.124,   none, 1D,  4.172,  3.082,  7.705,   115
 7.683, -2.110,   none, 1D,  4.072,  2.989,  7.705,   115
 7.819, -2.107, saddle, 1D,  3.972,  2.896,  7.705,   115
 7.956, -2.116,   none, 1D,  3.872,  2.802,  7.705,   115
 8.115, -2.142,   none, 1D,  3.772,  2.709,  7.787,   115
 8.252, -2.174,   none, 1D,  3.673,  2.615,  7.787,   115
 8.389, -2.204,   none, 1D,  3.573,  2.522,  7.787,   115
 8.525, -2.221,   none, 1D,  3.473,  2.429,  7.787,   115
 8.619, -2.226,  Li_i9, 1D,  3.473,  2.335,  7.787,    73
 8.743, -2.217,   none, 1D,  3.473,  2.242,  7.705,    73
 8.867, -2.201,   none, 1D,  3.473,  2.148,  7.623,    73
 8.992, -2.185,   none, 1D,  3.474,  2.055,  7.541,    73
 9.116, -2.172,   none, 1D,  3.474,  1.962,  7.459,    73
 9.240, -2.162,   none, 1D,  3.474,  1.868,  7.377,    73
 9.322, -2.150,   none, 1D,  3.474,  1.868,  7.295,    73
 9.446, -2.135,   none, 1D,  3.474,  1.775,  7.213,    73
 9.575, -2.120,   none, 1D,  3.375,  1.775,  7.131,    73
 9.735, -2.091,   none, 1D,  3.275,  1.681,  7.049,    73
 9.864, -2.067,   none, 1D,  3.176,  1.681,  6.967,    73
 9.993, -2.041,   none, 1D,  3.076,  1.681,  6.885,    73
10.152, -2.022,   none, 1D,  2.977,  1.588,  6.804,    73
10.281, -2.021, saddle, 1D,  2.877,  1.588,  6.722,    73
10.410, -2.030,   none, 1D,  2.777,  1.588,  6.640,    73
10.539, -2.047,   none, 1D,  2.678,  1.588,  6.558,    73
10.698, -2.079,   none, 1D,  2.578,  1.495,  6.476,    73
10.827, -2.111,   none, 1D,  2.479,  1.495,  6.394,    73
10.986, -2.137,   none, 1D,  2.379,  1.401,  6.312,    73
11.115, -2.157,   none, 1D,  2.280,  1.401,  6.230,    73
11.274, -2.161,  Li_i6, 1D,  2.180,  1.308,  6.148,    57
11.411, -2.159, saddle, 1D,  2.080,  1.214,  6.148,    57
11.570, -2.160,   none, 1D,  1.981,  1.121,  6.066,    57
11.707, -2.165,   none, 1D,  1.881,  1.027,  6.066,    57
11.807, -2.167,  Li_i4, 1D,  1.781,  1.027,  6.066,    45
11.900, -2.165,   none, 1D,  1.781,  0.934,  6.066,    45
12.024, -2.162,   none, 1D,  1.781,  0.841,  5.984,    45
12.118, -2.156,   none, 1D,  1.781,  0.747,  5.984,    45
12.242, -2.149,   none, 1D,  1.781,  0.654,  5.902,    45
12.366, -2.144, saddle, 1D,  1.782,  0.560,  5.820,    45
12.491, -2.144,   none, 1D,  1.782,  0.467,  5.738,    45
12.615, -2.152,   none, 1D,  1.782,  0.374,  5.656,    45
12.774, -2.169,   none, 1D,  1.882,  0.280,  5.574,    45
12.899, -2.194,   none, 1D,  1.882,  0.187,  5.492,    45
13.023, -2.219,   none, 1D,  1.882,  0.093,  5.410,    45
13.147, -2.235,   Li10, 1D,  1.883,  0.000,  5.328,    51
13.272, -2.219,   none, 1D,  1.882,  6.632,  5.410,    51
13.396, -2.194,   none, 1D,  1.882,  6.538,  5.492,    51
13.520, -2.169,   none, 1D,  1.882,  6.445,  5.574,    51
13.680, -2.152,   none, 1D,  1.782,  6.352,  5.656,    51
13.804, -2.144,   none, 1D,  1.782,  6.258,  5.738,    51
13.928, -2.144, saddle, 1D,  1.782,  6.165,  5.820,    51
14.052, -2.149,   none, 1D,  1.781,  6.071,  5.902,    51
14.177, -2.156,   none, 1D,  1.781,  5.978,  5.984,    51
14.270, -2.162,   none, 1D,  1.781,  5.885,  5.984,    51
14.394, -2.165,   none, 1D,  1.781,  5.791,  6.066,    51
14.488, -2.167,  Li_i4, 1D,  1.781,  5.698,  6.066,    60
14.588, -2.165,   none, 1D,  1.881,  5.698,  6.066,    60
14.724, -2.160,   none, 1D,  1.981,  5.604,  6.066,    60
14.883, -2.159, saddle, 1D,  2.080,  5.511,  6.148,    60
18.720, -2.305,    Li2, 2D, -0.010,  1.121,  3.935,    24
18.844, -2.297,   none, 2D, -0.009,  1.214,  3.853,    24
18.969, -2.284,   none, 2D, -0.009,  1.308,  3.771,    24
19.128, -2.272,   none, 2D,  0.091,  1.401,  3.689,    24
19.252, -2.266,   none, 2D,  0.091,  1.495,  3.607,    24
19.334, -2.256,   none, 2D,  0.091,  1.495,  3.525,    24
19.459, -2.245,   none, 2D,  0.091,  1.588,  3.443,    24
19.540, -2.227,   none, 2D,  0.092,  1.588,  3.361,    24
19.622, -2.198,   none, 2D,  0.092,  1.588,  3.279,    24
19.782, -2.160,   none, 2D,  0.192,  1.681,  3.197,    24
19.911, -2.120,   none, 2D,  0.292,  1.681,  3.115,    24
20.041, -2.076,   none, 2D,  0.392,  1.681,  3.033,    24
20.170, -2.037,   none, 2D,  0.492,  1.681,  2.951,    24
20.299, -2.009,   none, 2D,  0.592,  1.681,  2.869,    24
20.459, -2.001, saddle, 2D,  0.692,  1.775,  2.787,    24
20.588, -2.014,   none, 2D,  0.792,  1.775,  2.705,    24
20.717, -2.037,   none, 2D,  0.892,  1.775,  2.623,    24
20.846, -2.062,   none, 2D,  0.992,  1.775,  2.541,    24
21.006, -2.091,   none, 2D,  1.091,  1.868,  2.459,    24
21.135, -2.115,   none, 2D,  1.191,  1.868,  2.377,    24
21.295, -2.129,   none, 2D,  1.291,  1.962,  2.295,    24
21.454, -2.134,   none, 2D,  1.391,  2.055,  2.213,    24
21.591, -2.141,   none, 2D,  1.491,  2.148,  2.213,    24
21.750, -2.152,   none, 2D,  1.591,  2.242,  2.131,    24
21.887, -2.171,   none, 2D,  1.691,  2.335,  2.131,    24
22.024, -2.183,   none, 2D,  1.791,  2.429,  2.131,    24
22.148, -2.184,  Li_i3, 2D,  1.791,  2.522,  2.049,    46
22.241, -2.183,   none, 2D,  1.791,  2.615,  2.049,    46
22.366, -2.178,   none, 2D,  1.791,  2.709,  1.967,    46
22.490, -2.173, saddle, 2D,  1.791,  2.802,  1.885,    46
22.614, -2.173,   none, 2D,  1.792,  2.896,  1.803,    46
22.738, -2.181,   none, 2D,  1.792,  2.989,  1.721,    46
22.863, -2.197,   none, 2D,  1.792,  3.082,  1.639,    46
23.022, -2.222,   none, 2D,  1.692,  3.176,  1.557,    46
23.146, -2.249,   none, 2D,  1.693,  3.269,  1.475,    46
23.271, -2.263,    Li7, 2D,  1.693,  3.363,  1.393,    62
23.353, -2.259,   none, 2D,  1.693,  3.363,  1.312,    62
23.434, -2.241,   none, 2D,  1.693,  3.363,  1.230,    62
23.516, -2.210,   none, 2D,  1.693,  3.363,  1.148,    62
23.646, -2.171,   none, 2D,  1.793,  3.363,  1.066,    62
23.775, -2.127,   none, 2D,  1.893,  3.363,  0.984,    62
23.904, -2.086,   none, 2D,  1.993,  3.363,  0.902,    62
24.034, -2.056,   none, 2D,  2.093,  3.363,  0.820,    62
24.163, -2.037, saddle, 2D,  2.193,  3.363,  0.738,    62
24.245, -2.039,   none, 2D,  2.193,  3.363,  0.656,    62
24.374, -2.058,   none, 2D,  2.293,  3.363,  0.574,    62
24.503, -2.089,   none, 2D,  2.393,  3.363,  0.492,    62
24.633, -2.126,   none, 2D,  2.493,  3.363,  0.410,    62
24.715, -2.177,   none, 2D,  2.494,  3.363,  0.328,    62
24.844, -2.222,   none, 2D,  2.594,  3.363,  0.246,    62
24.926, -2.260,   none, 2D,  2.594,  3.363,  0.164,    62
25.055, -2.280,   none, 2D,  2.694,  3.363,  0.082,    62
25.137, -2.281,  Li_i7, 2D,  2.694,  3.363,  0.000,    86
25.231, -2.269,   none, 2D,  2.694,  3.269,  0.000,    86
25.367, -2.234,   none, 2D,  2.794,  3.176,  0.000,    86
25.504, -2.196,   none, 2D,  2.893,  3.082,  0.000,    86
25.641, -2.167,   none, 2D,  2.993,  2.989,  0.000,    86
25.777, -2.151,   none, 2D,  3.093,  2.896,  0.000,    86
25.914, -2.150, saddle, 2D,  3.193,  2.802,  0.000,    86
26.073, -2.161,   none, 2D,  3.273,  2.709,  7.787,    86
26.210, -2.185,   none, 2D,  3.373,  2.615,  7.787,    86
26.347, -2.207,   none, 2D,  3.473,  2.522,  7.787,    86
26.440, -2.221,   none, 2D,  3.473,  2.429,  7.787,    86
30.245, -2.235,   Li10, 2D,  1.883,  0.000,  5.328,    33
30.327, -2.234,   none, 2D,  1.883,  0.000,  5.246,    33
30.409, -2.223,   none, 2D,  1.883,  0.000,  5.164,    33
30.538, -2.202,   none, 2D,  1.783,  0.000,  5.082,    33
30.620, -2.173,   none, 2D,  1.784,  0.000,  5.000,    33
30.749, -2.142,   none, 2D,  1.684,  0.000,  4.918,    33
30.878, -2.117,   none, 2D,  1.585,  0.000,  4.836,    33
31.007, -2.103,   none, 2D,  1.485,  0.000,  4.754,    33
31.135, -2.102, saddle, 2D,  1.385,  0.000,  4.672,    33
31.264, -2.115,   none, 2D,  1.286,  0.000,  4.590,    33
31.393, -2.138,   none, 2D,  1.186,  0.000,  4.508,    33
31.475, -2.170,   none, 2D,  1.186,  0.000,  4.426,    33
31.604, -2.214,   none, 2D,  1.087,  0.000,  4.344,    33
31.733, -2.252,   none, 2D,  0.987,  0.000,  4.262,    33
31.815, -2.281,   none, 2D,  0.988,  0.000,  4.180,    33
31.944, -2.290,  Li_i2, 2D,  0.888,  0.000,  4.099,     9
32.038, -2.278,   none, 2D,  0.888,  0.093,  4.099,     9
32.174, -2.241,   none, 2D,  0.788,  0.187,  4.099,     9
32.311, -2.200,   none, 2D,  0.688,  0.280,  4.099,     9
32.448, -2.167,   none, 2D,  0.589,  0.374,  4.099,     9
32.607, -2.153, saddle, 2D,  0.489,  0.467,  4.017,     9
32.744, -2.163,   none, 2D,  0.389,  0.560,  4.017,     9
32.880, -2.187,   none, 2D,  0.289,  0.654,  4.017,     9
33.017, -2.221,   none, 2D,  0.190,  0.747,  4.017,     9
33.154, -2.257,   none, 2D,  0.090,  0.841,  4.017,     9
33.290, -2.282,   none, 2D, -0.010,  0.934,  4.017,     9
33.384, -2.298,   none, 2D, -0.010,  1.027,  4.017,     9
36.090, -2.310,   Li12, 3D,  5.282,  0.000,  2.377,   158
36.172, -2.306,   none, 3D,  5.282,  0.000,  2.459,   158
36.254, -2.291,   none, 3D,  5.282,  0.000,  2.541,   158
36.336, -2.263,   none, 3D,  5.282,  0.000,  2.623,   158
36.465, -2.223,   none, 3D,  5.381,  0.000,  2.705,   158
36.546, -2.172,   none, 3D,  5.381,  0.000,  2.787,   158
36.675, -2.118,   none, 3D,  5.481,  0.000,  2.869,   158
36.804, -2.066,   none, 3D,  5.580,  0.000,  2.951,   158
36.933, -2.024,   none, 3D,  5.680,  0.000,  3.033,   158
37.062, -1.993,   none, 3D,  5.779,  0.000,  3.115,   158
37.144, -1.982, saddle, 3D,  5.779,  0.000,  3.197,   158
37.273, -1.994,   none, 3D,  5.879,  0.000,  3.279,   158
37.402, -2.020,   none, 3D,  5.978,  0.000,  3.361,   158
37.484, -2.056,   none, 3D,  5.978,  0.000,  3.443,   158
37.613, -2.114,   none, 3D,  6.078,  0.000,  3.525,   158
37.742, -2.169,   none, 3D,  6.177,  0.000,  3.607,   158
37.824, -2.221,   none, 3D,  6.177,  0.000,  3.689,   158
37.953, -2.265,   none, 3D,  6.277,  0.000,  3.771,   158
43.249, -2.226,  Li_i9, 3D,  3.473,  2.335,  7.787,   120
43.373, -2.224,   none, 3D,  3.492,  2.242,  0.000,   120
43.533, -2.213,   none, 3D,  3.592,  2.148,  0.082,   120
43.657, -2.203,   none, 3D,  3.591,  2.055,  0.164,   120
43.781, -2.197,   none, 3D,  3.591,  1.962,  0.246,   120
43.905, -2.193,   none, 3D,  3.591,  1.868,  0.328,   120
43.987, -2.191,   none, 3D,  3.591,  1.868,  0.410,   120
44.112, -2.188,   none, 3D,  3.591,  1.775,  0.492,   120
44.194, -2.181,   none, 3D,  3.590,  1.775,  0.574,   120
44.276, -2.165,   none, 3D,  3.590,  1.775,  0.656,   120
44.435, -2.144,   none, 3D,  3.690,  1.681,  0.738,   120
44.517, -2.118,   none, 3D,  3.690,  1.681,  0.820,   120
44.646, -2.082,   none, 3D,  3.789,  1.681,  0.902,   120
44.775, -2.042,   none, 3D,  3.889,  1.681,  0.984,   120
44.904, -2.004,   none, 3D,  3.988,  1.681,  1.066,   120
45.063, -1.993,   none, 3D,  4.088,  1.588,  1.148,   120
45.192, -1.992, saddle, 3D,  4.187,  1.588,  1.230,   120
45.321, -2.003,   none, 3D,  4.287,  1.588,  1.312,   120
45.403, -2.025,   none, 3D,  4.287,  1.588,  1.393,   120
45.562, -2.052,   none, 3D,  4.386,  1.495,  1.475,   120
45.691, -2.090,   none, 3D,  4.486,  1.495,  1.557,   120
45.820, -2.109,   none, 3D,  4.586,  1.495,  1.639,   120
45.979, -2.115, Li_i10, 3D,  4.685,  1.401,  1.721,   132
46.116, -2.108,   none, 3D,  4.785,  1.308,  1.721,   132
46.253, -2.102, saddle, 3D,  4.885,  1.214,  1.721,   132
46.412, -2.114,   none, 3D,  4.984,  1.121,  1.803,   132
46.549, -2.135,   none, 3D,  5.084,  1.027,  1.803,   132
46.685, -2.161,   none, 3D,  5.184,  0.934,  1.803,   132
46.845, -2.191,   none, 3D,  5.283,  0.841,  1.885,   132
46.981, -2.217,   none, 3D,  5.383,  0.747,  1.885,   132
47.075, -2.230,   none, 3D,  5.383,  0.654,  1.885,   132
47.199, -2.240,   none, 3D,  5.383,  0.560,  1.967,   132
47.292, -2.247,   none, 3D,  5.383,  0.467,  1.967,   132
47.417, -2.255,   none, 3D,  5.383,  0.374,  2.049,   132
47.541, -2.265,   none, 3D,  5.383,  0.280,  2.131,   132
47.700, -2.282,   none, 3D,  5.283,  0.187,  2.213,   132
47.825, -2.300,   none, 3D,  5.282,  0.093,  2.295,   132
49.675, -2.287, Li_i14, 0D,  6.276,  0.000,  3.853,   188
49.768, -2.271,   none, 0D,  6.276,  6.632,  3.853,   188
49.905, -2.236,   none, 0D,  6.376,  6.538,  3.853,   188
50.064, -2.196,   none, 0D,  6.476,  6.445,  3.935,   188
50.201, -2.166,   none, 0D,  6.575,  6.352,  3.935,   188
50.337, -2.152, saddle, 0D,  6.675,  6.258,  3.935,   188
50.474, -2.157,   none, 0D,  6.775,  6.165,  3.935,   188
50.611, -2.179,   none, 0D,  6.875,  6.071,  3.935,   188
50.747, -2.212,   none, 0D,  6.975,  5.978,  3.935,   188
50.884, -2.249,   none, 0D,  7.074,  5.885,  3.935,   188
51.043, -2.282,   none, 0D, -0.010,  5.791,  4.017,   188
51.137, -2.298,   none, 0D, -0.010,  5.698,  4.017,   188
51.261, -2.305,    Li2, 0D, -0.010,  5.604,  3.935,    14
51.385, -2.298,   none, 0D, -0.010,  5.698,  4.017,    14
51.479, -2.282,   none, 0D, -0.010,  5.791,  4.017,    14
51.615, -2.257,   none, 0D,  0.090,  5.885,  4.017,    14
51.752, -2.221,   none, 0D,  0.190,  5.978,  4.017,    14
51.889, -2.187,   none, 0D,  0.289,  6.071,  4.017,    14
52.025, -2.163,   none, 0D,  0.389,  6.165,  4.017,    14
52.162, -2.153, saddle, 0D,  0.489,  6.258,  4.017,    14
52.321, -2.167,   none, 0D,  0.589,  6.352,  4.099,    14
52.458, -2.200,   none, 0D,  0.688,  6.445,  4.099,    14
52.594, -2.241,   none, 0D,  0.788,  6.538,  4.099,    14
52.731, -2.278,   none, 0D,  0.888,  6.632,  4.099,    14
52.825, -2.290,  Li_i2, 0D,  0.888,  0.000,  4.099,     9
52.918, -2.278,   none, 0D,  0.888,  0.093,  4.099,     9
53.055, -2.241,   none, 0D,  0.788,  0.187,  4.099,     9
53.191, -2.200,   none, 0D,  0.688,  0.280,  4.099,     9
53.328, -2.167,   none, 0D,  0.589,  0.374,  4.099,     9
53.487, -2.153, saddle, 0D,  0.489,  0.467,  4.017,     9
53.624, -2.163,   none, 0D,  0.389,  0.560,  4.017,     9
53.761, -2.187,   none, 0D,  0.289,  0.654,  4.017,     9
53.897, -2.221,   none, 0D,  0.190,  0.747,  4.017,     9
54.034, -2.257,   none, 0D,  0.090,  0.841,  4.017,     9
54.171, -2.282,   none, 0D, -0.010,  0.934,  4.017,     9
54.264, -2.298,   none, 0D, -0.010,  1.027,  4.017,     9
54.388, -2.305,    Li2, 0D, -0.010,  1.121,  3.935,   177
54.513, -2.298,   none, 0D, -0.010,  1.027,  4.017,   177
54.606, -2.282,   none, 0D, -0.010,  0.934,  4.017,   177
54.765, -2.249,   none, 0D,  7.074,  0.841,  3.935,   177
54.902, -2.212,   none, 0D,  6.975,  0.747,  3.935,   177
55.039, -2.179,   none, 0D,  6.875,  0.654,  3.935,   177
55.175, -2.157,   none, 0D,  6.775,  0.560,  3.935,   177
55.312, -2.152, saddle, 0D,  6.675,  0.467,  3.935,   177
55.449, -2.166,   none, 0D,  6.575,  0.374,  3.935,   177
55.585, -2.196,   none, 0D,  6.476,  0.280,  3.935,   177
55.744, -2.236,   none, 0D,  6.376,  0.187,  3.853,   177
55.881, -2.271,   none, 0D,  6.276,  0.093,  3.853,   177
