r_coor, energy,   site, dn,      x,      y,      z, index
 5.267, -2.192,  Li_i3, 1D,  8.978,  7.031,  4.716,    52
 5.403, -2.189,   none, 1D, -0.016,  7.031,  4.618,    52
 5.540, -2.177,   none, 1D,  0.079,  7.031,  4.519,    52
 5.708, -2.152,   none, 1D,  0.174,  6.933,  4.421,    52
 5.876, -2.118,   none, 1D,  0.269,  6.835,  4.323,    52
 6.044, -2.078,   none, 1D,  0.364,  6.738,  4.225,    52
 6.212, -2.039,   none, 1D,  0.459,  6.640,  4.126,    52
 6.380, -2.006,   none, 1D,  0.554,  6.542,  4.028,    52
 6.548, -1.983,   none, 1D,  0.649,  6.445,  3.930,    52
 6.716, -1.972,   none, 1D,  0.744,  6.347,  3.832,    52
 6.884, -1.971, saddle, 1D,  0.839,  6.250,  3.733,    52
 7.052, -1.972,   none, 1D,  0.934,  6.152,  3.635,    52
 7.146, -1.973,  Li_i4, 1D,  1.029,  6.152,  3.635,    78
 7.245, -1.973,   none, 1D,  1.029,  6.152,  3.537,    78
 7.381, -1.967,   none, 1D,  1.125,  6.152,  3.439,    78
 7.549, -1.960,   none, 1D,  1.220,  6.250,  3.340,    78
 7.717, -1.950,   none, 1D,  1.315,  6.347,  3.242,    78
 7.854, -1.949, saddle, 1D,  1.410,  6.347,  3.144,    78
 8.022, -1.955,   none, 1D,  1.505,  6.445,  3.046,    78
 8.190, -1.965,   none, 1D,  1.600,  6.542,  2.947,    78
 8.288, -1.977,   none, 1D,  1.600,  6.542,  2.849,    78
 8.456, -1.995,   none, 1D,  1.695,  6.640,  2.751,    78
 8.593, -2.010,   none, 1D,  1.790,  6.640,  2.653,    78
 8.691, -2.023,   none, 1D,  1.790,  6.640,  2.554,    78
 8.859, -2.039,   none, 1D,  1.885,  6.738,  2.456,    78
 8.957, -2.057,   none, 1D,  1.886,  6.738,  2.358,    78
 9.094, -2.074,   none, 1D,  1.981,  6.738,  2.260,    78
 9.192, -2.091,   none, 1D,  1.981,  6.738,  2.161,    78
 9.291, -2.102,  Li_i6, 1D,  1.981,  6.738,  2.063,    77
 9.458, -2.100,   none, 1D,  1.887,  6.640,  1.965,    77
 9.553, -2.095,   none, 1D,  1.792,  6.640,  1.965,    77
 9.689, -2.079,   none, 1D,  1.698,  6.542,  1.965,    77
 9.856, -2.063,   none, 1D,  1.603,  6.445,  1.867,    77
10.024, -2.050,   none, 1D,  1.509,  6.347,  1.768,    77
10.192, -2.049, saddle, 1D,  1.415,  6.250,  1.670,    77
10.359, -2.062,   none, 1D,  1.320,  6.152,  1.572,    77
10.527, -2.079,   none, 1D,  1.226,  6.054,  1.474,    77
10.663, -2.087,    Li3, 1D,  1.131,  5.957,  1.474,    23
10.757, -2.082,   none, 1D,  1.036,  5.957,  1.474,    23
10.893, -2.051,   none, 1D,  0.942,  5.859,  1.474,    23
11.061, -2.010,   none, 1D,  0.847,  5.761,  1.572,    23
11.229, -1.970,   none, 1D,  0.752,  5.664,  1.670,    23
11.397, -1.945,   none, 1D,  0.657,  5.566,  1.768,    23
11.565, -1.936, saddle, 1D,  0.562,  5.468,  1.867,    23
11.660, -1.944,   none, 1D,  0.467,  5.468,  1.867,    23
11.828, -1.958,   none, 1D,  0.372,  5.371,  1.965,    23
11.964, -1.971,   none, 1D,  0.277,  5.273,  1.965,    23
12.059, -1.982,   none, 1D,  0.183,  5.273,  1.965,    23
12.227, -1.998,   none, 1D,  0.088,  5.175,  2.063,    23
12.321, -2.017,   none, 1D, -0.007,  5.175,  2.063,    23
12.416, -2.034,   none, 1D,  8.987,  5.175,  2.063,    23
12.511, -2.050,   none, 1D,  8.893,  5.175,  2.063,    23
12.605, -2.063,   none, 1D,  8.798,  5.175,  2.063,    23
12.700, -2.065,  Li_i2, 1D,  8.703,  5.175,  2.063,   415
12.798, -2.064,   none, 1D,  8.704,  5.175,  1.965,   415
12.935, -2.033,   none, 1D,  8.609,  5.175,  1.867,   415
13.102, -1.987,   none, 1D,  8.515,  5.273,  1.768,   415
13.270, -1.941,   none, 1D,  8.421,  5.371,  1.670,   415
13.437, -1.913, saddle, 1D,  8.326,  5.468,  1.572,   415
13.605, -1.918,   none, 1D,  8.232,  5.566,  1.474,   415
13.773, -1.956,   none, 1D,  8.138,  5.664,  1.375,   415
13.940, -2.015,   none, 1D,  8.043,  5.761,  1.277,   415
14.108, -2.065,   none, 1D,  7.949,  5.859,  1.179,   415
14.244, -2.086,   Li18, 1D,  7.855,  5.859,  1.081,   385
14.342, -2.073,   none, 1D,  7.855,  5.859,  0.982,   385
14.510, -2.044,   none, 1D,  7.761,  5.761,  0.884,   385
14.646, -2.011,   none, 1D,  7.666,  5.761,  0.786,   385
14.814, -1.992, saddle, 1D,  7.572,  5.664,  0.688,   385
14.981, -1.993,   none, 1D,  7.478,  5.566,  0.589,   385
15.149, -2.010,   none, 1D,  7.383,  5.468,  0.491,   385
15.316, -2.033,   none, 1D,  7.289,  5.371,  0.393,   385
15.484, -2.052,   none, 1D,  7.195,  5.273,  0.295,   385
15.582, -2.062,   none, 1D,  7.195,  5.273,  0.196,   385
15.750, -2.071,   none, 1D,  7.100,  5.175,  0.098,   385
15.848, -2.075,   none, 1D,  7.101,  5.175,  0.000,   385
15.984, -2.077,   none, 1D,  6.975,  5.175,  9.334,   385
16.083, -2.080,   none, 1D,  6.975,  5.175,  9.235,   385
16.221, -2.083, Li_i15, 1D,  6.975,  5.078,  9.137,   378
16.360, -2.080,   none, 1D,  6.976,  4.980,  9.039,   378
16.457, -2.075,   none, 1D,  6.976,  4.882,  9.039,   378
16.593, -2.069,   none, 1D,  7.070,  4.785,  9.039,   378
16.732, -2.059,   none, 1D,  7.071,  4.687,  8.941,   378
16.868, -2.048,   none, 1D,  7.165,  4.589,  8.941,   378
17.036, -2.026,   none, 1D,  7.260,  4.492,  8.842,   378
17.204, -1.999,   none, 1D,  7.355,  4.394,  8.744,   378
17.340, -1.979,   none, 1D,  7.450,  4.297,  8.744,   378
17.508, -1.973, saddle, 1D,  7.545,  4.199,  8.646,   378
17.676, -1.988,   none, 1D,  7.640,  4.101,  8.548,   378
17.844, -2.026,   none, 1D,  7.735,  4.004,  8.449,   378
18.012, -2.078,   none, 1D,  7.830,  3.906,  8.351,   378
18.180, -2.128,   none, 1D,  7.925,  3.808,  8.253,   378
18.277, -2.151,   none, 1D,  7.925,  3.711,  8.253,   378
18.413, -2.152,   Li20, 1D,  8.020,  3.613,  8.253,   426
18.581, -2.109,   none, 1D,  8.114,  3.515,  8.351,   426
18.748, -2.055,   none, 1D,  8.208,  3.418,  8.449,   426
18.916, -2.014,   none, 1D,  8.303,  3.320,  8.548,   426
19.084, -1.997, saddle, 1D,  8.397,  3.222,  8.646,   426
19.251, -2.006,   none, 1D,  8.491,  3.125,  8.744,   426
19.419, -2.035,   none, 1D,  8.586,  3.027,  8.842,   426
19.586, -2.073,   none, 1D,  8.680,  2.929,  8.941,   426
19.754, -2.111,   none, 1D,  8.774,  2.832,  9.039,   426
19.922, -2.143,   none, 1D,  8.869,  2.734,  9.137,   426
20.089, -2.165,   none, 1D,  8.963,  2.637,  9.235,   426
20.228, -2.181,   none, 1D,  8.963,  2.539,  9.334,   426
20.366, -2.190,   none, 1D,  8.994,  2.441,  0.000,   426
20.464, -2.192,  Li_i3, 1D,  8.994,  2.344,  0.000,    50
20.601, -2.189,   none, 1D, -0.032,  2.344,  9.334,    50
20.737, -2.177,   none, 1D,  0.063,  2.344,  9.235,    50
20.905, -2.152,   none, 1D,  0.158,  2.441,  9.137,    50
21.073, -2.118,   none, 1D,  0.253,  2.539,  9.039,    50
21.241, -2.078,   none, 1D,  0.348,  2.637,  8.941,    50
21.409, -2.039,   none, 1D,  0.443,  2.734,  8.842,    50
21.577, -2.006,   none, 1D,  0.538,  2.832,  8.744,    50
21.745, -1.983,   none, 1D,  0.633,  2.929,  8.646,    50
21.913, -1.972,   none, 1D,  0.729,  3.027,  8.548,    50
22.081, -1.971, saddle, 1D,  0.824,  3.125,  8.449,    50
22.249, -1.972,   none, 1D,  0.919,  3.222,  8.351,    50
22.344, -1.973,  Li_i4, 1D,  1.013,  3.222,  8.351,    72
22.442, -1.973,   none, 1D,  1.014,  3.222,  8.253,    72
22.579, -1.967,   none, 1D,  1.109,  3.222,  8.155,    72
22.747, -1.960,   none, 1D,  1.204,  3.125,  8.056,    72
22.915, -1.950,   none, 1D,  1.299,  3.027,  7.958,    72
23.051, -1.949, saddle, 1D,  1.394,  3.027,  7.860,    72
23.219, -1.955,   none, 1D,  1.489,  2.929,  7.762,    72
23.387, -1.965,   none, 1D,  1.584,  2.832,  7.663,    72
23.485, -1.977,   none, 1D,  1.584,  2.832,  7.565,    72
23.653, -1.995,   none, 1D,  1.679,  2.734,  7.467,    72
23.790, -2.010,   none, 1D,  1.774,  2.734,  7.369,    72
23.888, -2.023,   none, 1D,  1.774,  2.734,  7.270,    72
24.056, -2.039,   none, 1D,  1.869,  2.637,  7.172,    72
24.155, -2.057,   none, 1D,  1.870,  2.637,  7.074,    72
24.291, -2.074,   none, 1D,  1.965,  2.637,  6.976,    72
24.389, -2.091,   none, 1D,  1.965,  2.637,  6.877,    72
24.488, -2.102,  Li_i6, 1D,  1.965,  2.637,  6.779,    75
24.655, -2.100,   none, 1D,  1.871,  2.734,  6.681,    75
24.750, -2.095,   none, 1D,  1.776,  2.734,  6.681,    75
24.886, -2.079,   none, 1D,  1.682,  2.832,  6.681,    75
25.054, -2.063,   none, 1D,  1.587,  2.929,  6.583,    75
25.221, -2.050,   none, 1D,  1.493,  3.027,  6.484,    75
25.389, -2.049, saddle, 1D,  1.399,  3.125,  6.386,    75
25.556, -2.062,   none, 1D,  1.304,  3.222,  6.288,    75
25.724, -2.079,   none, 1D,  1.210,  3.320,  6.190,    75
25.860, -2.087,    Li3, 1D,  1.115,  3.418,  6.190,    21
25.955, -2.082,   none, 1D,  1.021,  3.418,  6.190,    21
26.091, -2.051,   none, 1D,  0.926,  3.515,  6.190,    21
26.259, -2.010,   none, 1D,  0.831,  3.613,  6.288,    21
26.427, -1.970,   none, 1D,  0.736,  3.711,  6.386,    21
26.595, -1.945,   none, 1D,  0.641,  3.808,  6.484,    21
26.763, -1.936, saddle, 1D,  0.546,  3.906,  6.583,    21
26.857, -1.944,   none, 1D,  0.451,  3.906,  6.583,    21
27.025, -1.958,   none, 1D,  0.356,  4.004,  6.681,    21
27.161, -1.971,   none, 1D,  0.261,  4.101,  6.681,    21
27.256, -1.982,   none, 1D,  0.167,  4.101,  6.681,    21
27.424, -1.998,   none, 1D,  0.072,  4.199,  6.779,    21
27.519, -2.017,   none, 1D, -0.023,  4.199,  6.779,    21
27.613, -2.034,   none, 1D,  8.971,  4.199,  6.779,    21
27.708, -2.050,   none, 1D,  8.877,  4.199,  6.779,    21
27.803, -2.063,   none, 1D,  8.782,  4.199,  6.779,    21
27.897, -2.065,  Li_i2, 1D,  8.687,  4.199,  6.779,   413
27.996, -2.064,   none, 1D,  8.688,  4.199,  6.681,   413
28.132, -2.033,   none, 1D,  8.593,  4.199,  6.583,   413
28.299, -1.987,   none, 1D,  8.499,  4.101,  6.484,   413
28.467, -1.941,   none, 1D,  8.405,  4.004,  6.386,   413
28.635, -1.913, saddle, 1D,  8.310,  3.906,  6.288,   413
28.802, -1.918,   none, 1D,  8.216,  3.808,  6.190,   413
28.970, -1.956,   none, 1D,  8.122,  3.711,  6.091,   413
29.137, -2.015,   none, 1D,  8.027,  3.613,  5.993,   413
29.305, -2.065,   none, 1D,  7.933,  3.515,  5.895,   413
29.441, -2.086,   Li18, 1D,  7.839,  3.515,  5.797,   375
29.539, -2.073,   none, 1D,  7.839,  3.515,  5.698,   375
29.707, -2.044,   none, 1D,  7.745,  3.613,  5.600,   375
29.843, -2.011,   none, 1D,  7.650,  3.613,  5.502,   375
30.011, -1.992, saddle, 1D,  7.556,  3.711,  5.404,   375
30.178, -1.993,   none, 1D,  7.462,  3.808,  5.305,   375
30.346, -2.010,   none, 1D,  7.367,  3.906,  5.207,   375
30.514, -2.033,   none, 1D,  7.273,  4.004,  5.109,   375
30.681, -2.052,   none, 1D,  7.179,  4.101,  5.011,   375
30.779, -2.062,   none, 1D,  7.179,  4.101,  4.912,   375
30.947, -2.071,   none, 1D,  7.085,  4.199,  4.814,   375
31.045, -2.075,   none, 1D,  7.085,  4.199,  4.716,   375
31.182, -2.077,   none, 1D,  6.991,  4.199,  4.618,   375
31.280, -2.080,   none, 1D,  6.991,  4.199,  4.519,   375
31.418, -2.083, Li_i15, 1D,  6.991,  4.297,  4.421,   380
31.557, -2.080,   none, 1D,  6.992,  4.394,  4.323,   380
31.654, -2.075,   none, 1D,  6.992,  4.492,  4.323,   380
31.790, -2.069,   none, 1D,  7.086,  4.589,  4.323,   380
31.929, -2.059,   none, 1D,  7.087,  4.687,  4.225,   380
32.065, -2.048,   none, 1D,  7.181,  4.785,  4.225,   380
32.233, -2.026,   none, 1D,  7.276,  4.882,  4.126,   380
32.401, -1.999,   none, 1D,  7.371,  4.980,  4.028,   380
32.537, -1.979,   none, 1D,  7.466,  5.078,  4.028,   380
32.705, -1.973, saddle, 1D,  7.561,  5.175,  3.930,   380
32.873, -1.988,   none, 1D,  7.656,  5.273,  3.832,   380
33.041, -2.026,   none, 1D,  7.751,  5.371,  3.733,   380
33.209, -2.078,   none, 1D,  7.846,  5.468,  3.635,   380
33.377, -2.128,   none, 1D,  7.941,  5.566,  3.537,   380
33.474, -2.151,   none, 1D,  7.941,  5.664,  3.537,   380
33.610, -2.152,   Li20, 1D,  8.036,  5.761,  3.537,   432
33.778, -2.109,   none, 1D,  8.130,  5.859,  3.635,   432
33.946, -2.055,   none, 1D,  8.224,  5.957,  3.733,   432
34.113, -2.014,   none, 1D,  8.319,  6.054,  3.832,   432
34.281, -1.997, saddle, 1D,  8.413,  6.152,  3.930,   432
34.448, -2.006,   none, 1D,  8.507,  6.250,  4.028,   432
34.616, -2.035,   none, 1D,  8.602,  6.347,  4.126,   432
34.784, -2.073,   none, 1D,  8.696,  6.445,  4.225,   432
34.951, -2.111,   none, 1D,  8.790,  6.542,  4.323,   432
35.119, -2.143,   none, 1D,  8.885,  6.640,  4.421,   432
35.286, -2.165,   none, 1D,  8.979,  6.738,  4.519,   432
35.425, -2.181,   none, 1D,  8.979,  6.835,  4.618,   432
35.563, -2.190,   none, 1D,  8.978,  6.933,  4.716,   432
39.697, -1.926,  Li_i7, 2D,  1.203,  8.398,  8.351,    57
39.833, -1.923,   none, 2D,  1.108,  8.398,  8.253,    57
39.969, -1.914,   none, 2D,  1.014,  8.398,  8.155,    57
40.137, -1.906,   none, 2D,  0.920,  8.495,  8.056,    57
40.304, -1.902, saddle, 2D,  0.825,  8.593,  7.958,    57
40.472, -1.905,   none, 2D,  0.731,  8.691,  7.860,    57
40.608, -1.918,   none, 2D,  0.636,  8.691,  7.762,    57
40.776, -1.933,   none, 2D,  0.542,  8.788,  7.663,    57
40.943, -1.939,  Li_i1, 2D,  0.448,  8.886,  7.565,   455
41.080, -1.930,   none, 2D,  0.353,  8.886,  7.467,   455
41.174, -1.917,   none, 2D,  0.259,  8.886,  7.467,   455
41.269, -1.901,   none, 2D,  0.164,  8.886,  7.467,   455
41.364, -1.885,   none, 2D,  0.069,  8.886,  7.467,   455
41.458, -1.870,   none, 2D, -0.025,  8.886,  7.467,   455
41.626, -1.863,   none, 2D,  8.969,  8.788,  7.565,   455
41.721, -1.858, saddle, 2D,  8.874,  8.788,  7.565,   455
41.857, -1.861, Li_i18, 2D,  8.779,  8.691,  7.565,   451
41.952, -1.858, saddle, 2D,  8.685,  8.691,  7.565,   451
42.120, -1.866,   none, 2D,  8.590,  8.593,  7.663,   451
42.288, -1.875,   none, 2D,  8.495,  8.495,  7.762,   451
42.456, -1.893,   none, 2D,  8.400,  8.398,  7.860,   451
42.592, -1.923,   none, 2D,  8.305,  8.300,  7.860,   451
42.760, -1.959,   none, 2D,  8.210,  8.202,  7.958,   451
42.928, -1.983,   none, 2D,  8.115,  8.105,  8.056,   451
43.022, -2.002,   none, 2D,  8.020,  8.105,  8.056,   451
44.450, -2.019, Li_i16, 2D,  6.981,  7.324,  7.467,   370
44.586, -2.006,   none, 2D,  7.076,  7.226,  7.467,   370
44.684, -1.987,   none, 2D,  7.076,  7.128,  7.467,   370
44.781, -1.965,   none, 2D,  7.076,  7.031,  7.467,   370
44.879, -1.944,   none, 2D,  7.076,  6.933,  7.467,   370
45.046, -1.927,   none, 2D,  7.170,  6.835,  7.565,   370
45.144, -1.914,   none, 2D,  7.170,  6.738,  7.565,   370
45.242, -1.901,   none, 2D,  7.170,  6.640,  7.565,   370
45.409, -1.892,   none, 2D,  7.264,  6.542,  7.663,   370
45.548, -1.882,   none, 2D,  7.264,  6.445,  7.762,   370
45.646, -1.870,   none, 2D,  7.264,  6.347,  7.762,   370
45.813, -1.864,   none, 2D,  7.358,  6.250,  7.860,   370
45.981, -1.856,   none, 2D,  7.453,  6.152,  7.958,   370
46.119, -1.855, saddle, 2D,  7.452,  6.054,  8.056,   370
46.258, -1.857,   none, 2D,  7.452,  5.957,  8.155,   370
46.396, -1.864,   none, 2D,  7.452,  5.859,  8.253,   370
46.535, -1.878,   none, 2D,  7.451,  5.761,  8.351,   370
46.703, -1.899,   none, 2D,  7.356,  5.664,  8.449,   370
46.871, -1.929,   none, 2D,  7.261,  5.566,  8.548,   370
47.039, -1.967,   none, 2D,  7.166,  5.468,  8.646,   370
47.207, -2.009,   none, 2D,  7.071,  5.371,  8.744,   370
47.375, -2.048,   none, 2D,  6.976,  5.273,  8.842,   370
47.543, -2.074,   none, 2D,  6.881,  5.175,  8.941,   370
47.710, -2.082,   none, 2D,  6.976,  5.078,  9.039,   370
49.235, -2.062,   Li16, 0D,  5.936,  5.957,  8.351,   336
49.371, -2.057,   none, 0D,  6.031,  5.859,  8.351,   336
49.507, -2.024,   none, 0D,  6.126,  5.957,  8.351,   336
49.675, -1.956,   none, 0D,  6.221,  6.054,  8.253,   336
49.843, -1.890,   none, 0D,  6.316,  6.152,  8.155,   336
50.011, -1.842,   none, 0D,  6.411,  6.250,  8.056,   336
50.179, -1.821, saddle, 0D,  6.506,  6.347,  7.958,   336
50.347, -1.822,   none, 0D,  6.601,  6.445,  7.860,   336
50.515, -1.839,   none, 0D,  6.696,  6.542,  7.762,   336
50.683, -1.863,   none, 0D,  6.791,  6.640,  7.663,   336
50.851, -1.890,   none, 0D,  6.886,  6.738,  7.565,   336
50.987, -1.920,   none, 0D,  6.981,  6.835,  7.565,   336
51.155, -1.944,   none, 0D,  7.076,  6.933,  7.467,   336
51.253, -1.965,   none, 0D,  7.076,  7.031,  7.467,   336
51.350, -1.987,   none, 0D,  7.076,  7.128,  7.467,   336
51.448, -2.006,   none, 0D,  7.076,  7.226,  7.467,   336
51.584, -2.019, Li_i16, 0D,  6.981,  7.324,  7.467,   370
51.720, -2.006,   none, 0D,  7.076,  7.226,  7.467,   370
51.818, -1.987,   none, 0D,  7.076,  7.128,  7.467,   370
51.915, -1.965,   none, 0D,  7.076,  7.031,  7.467,   370
52.013, -1.944,   none, 0D,  7.076,  6.933,  7.467,   370
52.180, -1.927,   none, 0D,  7.170,  6.835,  7.565,   370
52.278, -1.914,   none, 0D,  7.170,  6.738,  7.565,   370
52.376, -1.901,   none, 0D,  7.170,  6.640,  7.565,   370
52.543, -1.892,   none, 0D,  7.264,  6.542,  7.663,   370
52.682, -1.882,   none, 0D,  7.264,  6.445,  7.762,   370
52.779, -1.870,   none, 0D,  7.264,  6.347,  7.762,   370
52.947, -1.864,   none, 0D,  7.358,  6.250,  7.860,   370
53.115, -1.856,   none, 0D,  7.453,  6.152,  7.958,   370
53.253, -1.855, saddle, 0D,  7.452,  6.054,  8.056,   370
53.392, -1.857,   none, 0D,  7.452,  5.957,  8.155,   370
53.530, -1.864,   none, 0D,  7.452,  5.859,  8.253,   370
53.669, -1.878,   none, 0D,  7.451,  5.761,  8.351,   370
53.837, -1.899,   none, 0D,  7.356,  5.664,  8.449,   370
54.005, -1.929,   none, 0D,  7.261,  5.566,  8.548,   370
54.173, -1.967,   none, 0D,  7.166,  5.468,  8.646,   370
54.341, -2.009,   none, 0D,  7.071,  5.371,  8.744,   370
54.509, -2.048,   none, 0D,  6.976,  5.273,  8.842,   370
54.677, -2.074,   none, 0D,  6.881,  5.175,  8.941,   370
54.844, -2.082,   none, 0D,  6.976,  5.078,  9.039,   370
54.942, -2.083, Li_i15, 0D,  6.975,  5.078,  9.137,   327
55.079, -2.081,   none, 0D,  6.881,  5.078,  9.039,   327
55.215, -2.077,   none, 0D,  6.786,  5.175,  9.039,   327
55.309, -2.067,   none, 0D,  6.692,  5.175,  9.039,   327
55.477, -2.059,   none, 0D,  6.597,  5.273,  8.941,   327
55.645, -2.046,   none, 0D,  6.503,  5.371,  8.842,   327
55.812, -2.034,   none, 0D,  6.409,  5.468,  8.744,   327
55.980, -2.028, saddle, 0D,  6.314,  5.566,  8.646,   327
56.147, -2.033,   none, 0D,  6.220,  5.664,  8.548,   327
56.315, -2.047,   none, 0D,  6.125,  5.761,  8.449,   327
56.483, -2.057,   none, 0D,  6.031,  5.859,  8.351,   327
