r_coor, energy,   site, dn,      x,      y,      z, index
 5.349, -2.263, Li_i13, 1D,  7.659,  4.811,  5.617,    94
 5.430, -2.255,   none, 1D,  7.641,  4.798,  5.539,    94
 5.543, -2.234,   none, 1D,  7.583,  4.855,  5.461,    94
 5.624, -2.206,   none, 1D,  7.566,  4.841,  5.383,    94
 5.705, -2.169,   none, 1D,  7.548,  4.827,  5.305,    94
 5.786, -2.124,   none, 1D,  7.531,  4.814,  5.227,    94
 5.867, -2.073,   none, 1D,  7.513,  4.800,  5.149,    94
 5.980, -2.018,   none, 1D,  7.456,  4.857,  5.071,    94
 6.061, -1.970,   none, 1D,  7.438,  4.843,  4.993,    94
 6.142, -1.924,   none, 1D,  7.421,  4.830,  4.915,    94
 6.223, -1.883,   none, 1D,  7.403,  4.816,  4.837,    94
 6.304, -1.849,   none, 1D,  7.385,  4.802,  4.759,    94
 6.404, -1.824,   none, 1D,  7.408,  4.859,  4.681,    94
 6.485, -1.818, saddle, 1D,  7.390,  4.846,  4.603,    94
 6.566, -1.822,   none, 1D,  7.373,  4.832,  4.525,    94
 6.647, -1.836,   none, 1D,  7.355,  4.818,  4.447,    94
 6.760, -1.860,   none, 1D,  7.297,  4.875,  4.369,    94
 6.841, -1.902,   none, 1D,  7.280,  4.862,  4.291,    94
 6.922, -1.947,   none, 1D,  7.262,  4.848,  4.212,    94
 7.003, -1.993,   none, 1D,  7.245,  4.834,  4.134,    94
 7.084, -2.036,   none, 1D,  7.227,  4.820,  4.056,    94
 7.165, -2.073,   none, 1D,  7.210,  4.807,  3.978,    94
 7.278, -2.101,   none, 1D,  7.152,  4.864,  3.900,    94
 7.379, -2.118,   Li13, 1D,  7.215,  4.850,  3.822,    79
 7.460, -2.115,   none, 1D,  7.174,  4.921,  3.822,    79
 7.560, -2.102,   none, 1D,  7.197,  4.978,  3.744,    79
 7.641, -2.081,   none, 1D,  7.156,  5.049,  3.744,    79
 7.740, -2.048,   none, 1D,  7.179,  5.106,  3.666,    79
 7.822, -2.024,   none, 1D,  7.138,  5.177,  3.666,    79
 7.903, -1.996,   none, 1D,  7.098,  5.248,  3.666,    79
 7.985, -1.972,   none, 1D,  7.138,  5.319,  3.666,    79
 8.066, -1.954,   none, 1D,  7.097,  5.389,  3.666,    79
 8.148, -1.940,   none, 1D,  7.057,  5.460,  3.666,    79
 8.247, -1.934, saddle, 1D,  7.079,  5.517,  3.588,    79
 8.328, -1.941,   none, 1D,  7.039,  5.588,  3.588,    79
 8.410, -1.954,   none, 1D,  6.999,  5.659,  3.588,    79
 8.491, -1.972,   none, 1D,  6.959,  5.730,  3.588,    79
 8.573, -1.995,   none, 1D,  6.918,  5.801,  3.588,    79
 8.672, -2.023,   none, 1D,  6.941,  5.858,  3.510,    79
 8.754, -2.058,   none, 1D,  6.900,  5.929,  3.510,    79
 8.835, -2.092,   none, 1D,  6.860,  5.999,  3.510,    79
 8.917, -2.122,   none, 1D,  6.820,  6.070,  3.510,    79
 8.998, -2.145,   none, 1D,  6.779,  6.141,  3.510,    79
 9.079, -2.158,   none, 1D,  6.819,  6.212,  3.510,    79
 9.161, -2.159,  Li_i8, 1D,  6.779,  6.283,  3.510,    81
 9.278, -2.153,   none, 1D,  6.802,  6.198,  3.432,    81
 9.377, -2.130,   none, 1D,  6.824,  6.255,  3.354,    81
 9.478, -2.093,   none, 1D,  6.886,  6.242,  3.276,    81
 9.579, -2.048,   none, 1D,  6.949,  6.228,  3.198,    81
 9.720, -2.008,   none, 1D,  7.052,  6.285,  3.120,    81
 9.821, -1.971,   none, 1D,  7.114,  6.271,  3.042,    81
 9.962, -1.936,   none, 1D,  7.217,  6.328,  2.964,    81
10.063, -1.913,   none, 1D,  7.279,  6.315,  2.886,    81
10.144, -1.889,   none, 1D,  7.262,  6.301,  2.808,    81
10.285, -1.873,   none, 1D,  7.364,  6.358,  2.730,    81
10.366, -1.855,   none, 1D,  7.347,  6.344,  2.652,    81
10.507, -1.837,   none, 1D,  7.449,  6.402,  2.574,    81
10.588, -1.826,   none, 1D,  7.432,  6.388,  2.496,    81
10.669, -1.811,   none, 1D,  7.414,  6.374,  2.418,    81
10.768, -1.803,   none, 1D,  7.436,  6.431,  2.340,    81
10.849, -1.796,   none, 1D,  7.419,  6.418,  2.262,    81
10.949, -1.795, saddle, 1D,  7.441,  6.475,  2.184,    81
11.030, -1.799,   none, 1D,  7.424,  6.461,  2.106,    81
11.142, -1.809,   none, 1D,  7.366,  6.518,  2.028,    81
11.224, -1.826,   none, 1D,  7.348,  6.504,  1.950,    81
11.336, -1.847,   none, 1D,  7.291,  6.562,  1.872,    81
11.417, -1.875,   none, 1D,  7.273,  6.548,  1.794,    81
11.530, -1.907,   none, 1D,  7.215,  6.605,  1.716,    81
11.611, -1.939,   none, 1D,  7.198,  6.591,  1.638,    81
11.724, -1.968,   none, 1D,  7.140,  6.648,  1.560,    81
11.805, -1.990,   none, 1D,  7.122,  6.635,  1.482,    81
11.886, -1.997,   Li10, 1D,  7.105,  6.621,  1.404,    55
11.966, -1.991,   none, 1D,  7.025,  6.621,  1.404,    55
12.048, -1.977,   none, 1D,  6.984,  6.692,  1.404,    55
12.128, -1.954,   none, 1D,  6.904,  6.692,  1.404,    55
12.208, -1.924,   none, 1D,  6.824,  6.692,  1.404,    55
12.309, -1.890,   none, 1D,  6.761,  6.706,  1.482,    55
12.389, -1.856,   none, 1D,  6.681,  6.706,  1.482,    55
12.469, -1.823,   none, 1D,  6.601,  6.706,  1.482,    55
12.549, -1.793,   none, 1D,  6.521,  6.706,  1.482,    55
12.629, -1.770,   none, 1D,  6.441,  6.706,  1.482,    55
12.710, -1.754,   none, 1D,  6.361,  6.706,  1.482,    55
12.790, -1.749, saddle, 1D,  6.281,  6.706,  1.482,    55
12.870, -1.754,   none, 1D,  6.200,  6.706,  1.482,    55
12.950, -1.770,   none, 1D,  6.120,  6.706,  1.482,    55
13.030, -1.796,   none, 1D,  6.040,  6.706,  1.482,    55
13.110, -1.831,   none, 1D,  5.960,  6.706,  1.482,    55
13.190, -1.872,   none, 1D,  5.880,  6.706,  1.482,    55
13.271, -1.916,   none, 1D,  5.800,  6.706,  1.482,    55
13.372, -1.962,   none, 1D,  5.737,  6.719,  1.560,    55
13.452, -2.009,   none, 1D,  5.657,  6.719,  1.560,    55
13.532, -2.049,   none, 1D,  5.577,  6.719,  1.560,    55
13.612, -2.078,   none, 1D,  5.497,  6.719,  1.560,    55
13.693, -2.096,   none, 1D,  5.456,  6.790,  1.560,    55
13.774, -2.098,  Li_i3, 1D,  5.376,  6.790,  1.560,    11
13.855, -2.089,   none, 1D,  5.416,  6.861,  1.560,    11
13.936, -2.064,   none, 1D,  5.376,  6.932,  1.560,    11
14.049, -2.036,   none, 1D,  5.318,  6.989,  1.482,    11
14.131, -2.004,   none, 1D,  1.455,  0.260,  1.482,    11
14.212, -1.969,   none, 1D,  1.414,  0.331,  1.482,    11
14.293, -1.937,   none, 1D,  1.454,  0.402,  1.482,    11
14.406, -1.917,   none, 1D,  1.396,  0.459,  1.404,    11
14.487, -1.903,   none, 1D,  1.356,  0.530,  1.404,    11
14.569, -1.892,   none, 1D,  1.316,  0.601,  1.404,    11
14.650, -1.885, saddle, 1D,  1.275,  0.672,  1.404,    11
14.763, -1.886,   none, 1D,  1.218,  0.729,  1.326,    11
14.845, -1.892,   none, 1D,  1.177,  0.800,  1.326,    11
14.926, -1.907,   none, 1D,  1.217,  0.870,  1.326,    11
15.007, -1.921,   none, 1D,  1.177,  0.941,  1.326,    11
15.089, -1.932,   none, 1D,  1.136,  1.012,  1.326,    11
15.170, -1.944,   none, 1D,  1.176,  1.083,  1.326,    11
15.283, -1.959,   none, 1D,  1.118,  1.140,  1.248,    11
15.364, -1.964,   none, 1D,  1.158,  1.211,  1.248,    11
15.445, -1.968,    Li2, 1D,  1.118,  1.282,  1.248,     8
15.527, -1.963,   none, 1D,  1.158,  1.352,  1.248,     8
15.608, -1.949,   none, 1D,  1.198,  1.423,  1.248,     8
15.689, -1.928,   none, 1D,  1.237,  1.494,  1.248,     8
15.788, -1.902,   none, 1D,  1.260,  1.551,  1.170,     8
15.870, -1.874,   none, 1D,  1.300,  1.622,  1.170,     8
16.009, -1.852,   none, 1D,  1.420,  1.693,  1.170,     8
16.148, -1.829,   none, 1D,  1.539,  1.764,  1.170,     8
16.289, -1.823, saddle, 1D,  1.642,  1.821,  1.092,     8
16.370, -1.835,   none, 1D,  1.682,  1.892,  1.092,     8
16.510, -1.864,   none, 1D,  1.802,  1.962,  1.092,     8
16.651, -1.908,   none, 1D,  1.904,  2.020,  1.014,     8
16.790, -1.972,   none, 1D,  2.024,  2.090,  1.014,     8
16.929, -2.038,   none, 1D,  2.144,  2.161,  1.014,     8
17.070, -2.105,   none, 1D,  2.247,  2.218,  0.936,     8
17.209, -2.158,   none, 1D,  2.366,  2.289,  0.936,     8
17.291, -2.185,   none, 1D,  2.406,  2.360,  0.936,     8
17.372, -2.193,  Li_i2, 1D,  2.366,  2.431,  0.936,   179
17.453, -2.187,   none, 1D,  2.406,  2.502,  0.936,   179
17.535, -2.171,   none, 1D,  2.366,  2.573,  0.936,   179
17.616, -2.146,   none, 1D,  2.325,  2.643,  0.936,   179
17.734, -2.115,   none, 1D,  2.302,  2.728,  1.014,   179
17.815, -2.081,   none, 1D,  2.262,  2.799,  1.014,   179
17.944, -2.044,   none, 1D,  2.319,  2.883,  1.092,   179
18.025, -2.011,   none, 1D,  2.279,  2.954,  1.092,   179
18.107, -1.978,   none, 1D,  2.239,  3.025,  1.092,   179
18.188, -1.945,   none, 1D,  2.198,  3.096,  1.092,   179
18.270, -1.914,   none, 1D,  2.158,  3.167,  1.092,   179
18.351, -1.884,   none, 1D,  2.118,  3.237,  1.092,   179
18.433, -1.858,   none, 1D,  2.078,  3.308,  1.092,   179
18.514, -1.842,   none, 1D,  2.117,  3.379,  1.092,   179
18.595, -1.831,   none, 1D,  2.077,  3.450,  1.092,   179
18.677, -1.824,   none, 1D,  9.730,  3.521,  1.092,   179
18.758, -1.821, saddle, 1D,  9.690,  3.591,  1.092,   179
18.840, -1.822,   none, 1D,  9.649,  3.662,  1.092,   179
18.921, -1.832,   none, 1D,  9.689,  3.733,  1.092,   179
19.003, -1.846,   none, 1D,  9.649,  3.804,  1.092,   179
19.115, -1.863,   none, 1D,  9.591,  3.861,  1.014,   179
19.197, -1.887,   none, 1D,  9.631,  3.932,  1.014,   179
19.278, -1.910,   none, 1D,  9.591,  4.003,  1.014,   179
19.360, -1.928,   none, 1D,  9.550,  4.074,  1.014,   179
19.459, -1.951,   none, 1D,  9.573,  4.131,  0.936,   179
19.540, -1.967,   none, 1D,  9.532,  4.202,  0.936,   179
19.640, -1.974,   none, 1D,  9.555,  4.259,  0.858,   179
19.721, -1.976,   Li21, 1D,  9.514,  4.329,  0.858,   168
19.802, -1.968,   none, 1D,  9.497,  4.316,  0.780,   168
19.883, -1.950,   none, 1D,  9.479,  4.302,  0.702,   168
19.982, -1.927,   none, 1D,  9.502,  4.359,  0.624,   168
20.064, -1.903,   none, 1D,  9.484,  4.345,  0.546,   168
20.145, -1.877,   none, 1D,  9.466,  4.332,  0.468,   168
20.257, -1.850,   none, 1D,  9.409,  4.389,  0.390,   168
20.338, -1.834,   none, 1D,  9.391,  4.375,  0.312,   168
20.420, -1.821,   none, 1D,  9.374,  4.361,  0.234,   168
20.501, -1.812, saddle, 1D,  9.356,  4.348,  0.156,   168
20.600, -1.819,   none, 1D,  9.378,  4.405,  0.078,   168
20.681, -1.836,   none, 1D,  9.361,  4.391,  0.000,   168
20.762, -1.857,   none, 1D, 11.445,  6.022,  9.283,   168
20.843, -1.884,   none, 1D, 11.428,  6.008,  9.205,   168
20.943, -1.918,   none, 1D, 11.450,  6.065,  9.127,   168
21.024, -1.962,   none, 1D, 11.432,  6.052,  9.049,   168
21.105, -2.005,   none, 1D, 11.415,  6.038,  8.971,   168
21.186, -2.046,   none, 1D, 11.397,  6.024,  8.893,   168
21.299, -2.084,   none, 1D, 11.340,  6.081,  8.815,   168
21.380, -2.121,   none, 1D, 11.322,  6.068,  8.737,   168
21.461, -2.149,   none, 1D, 11.304,  6.054,  8.659,   168
21.542, -2.168,   none, 1D, 11.287,  6.040,  8.581,   168
21.623, -2.176,  Li_i1, 1D, 11.269,  6.027,  8.503,   170
21.704, -2.174,   none, 1D, 11.309,  6.097,  8.503,   170
21.786, -2.158,   none, 1D, 11.269,  6.168,  8.503,   170
21.867, -2.126,   none, 1D, 11.309,  6.239,  8.503,   170
22.008, -2.083,   none, 1D, 11.411,  6.296,  8.425,   170
22.147, -2.037,   none, 1D, 11.531,  6.367,  8.425,   170
22.287, -1.993,   none, 1D, 11.651,  6.438,  8.425,   170
22.426, -1.955,   none, 1D, 11.771,  6.509,  8.425,   170
22.567, -1.933,   none, 1D, 11.874,  6.566,  8.347,   170
22.706, -1.927, saddle, 1D, 11.994,  6.637,  8.347,   170
22.787, -1.930,   none, 1D, 12.033,  6.707,  8.347,   170
22.927, -1.943,   none, 1D, 12.153,  6.778,  8.347,   170
23.067, -1.967,   none, 1D, 12.256,  6.835,  8.269,   170
23.149, -1.990,   none, 1D, 12.296,  6.906,  8.269,   170
23.230, -2.008,   none, 1D, 12.335,  6.977,  8.269,   170
23.311, -2.020,   none, 1D, 12.375,  7.048,  8.269,   170
23.392, -2.022,    Li1, 1D, 12.415,  7.119,  8.269,   165
23.474, -2.016,   none, 1D, 12.375,  7.190,  8.269,   165
23.555, -2.002,   none, 1D, 12.415,  7.260,  8.269,   165
23.668, -1.981,   none, 1D, 12.357,  7.317,  8.191,   165
23.749, -1.952,   none, 1D, 12.316,  7.388,  8.191,   165
23.831, -1.925,   none, 1D, 12.356,  7.459,  8.191,   165
23.912, -1.894,   none, 1D, 12.316,  7.530,  8.191,   165
23.994, -1.860,   none, 1D, 12.276,  7.601,  8.191,   165
24.106, -1.829,   none, 1D, 12.218,  7.658,  8.113,   165
24.188, -1.809,   none, 1D, 12.177,  7.729,  8.113,   165
24.269, -1.796,   none, 1D, 12.217,  7.800,  8.113,   165
24.350, -1.795, saddle, 1D, 12.177,  7.870,  8.113,   165
24.463, -1.801,   none, 1D, 12.119,  7.927,  8.035,   165
24.545, -1.829,   none, 1D, 12.079,  7.998,  8.035,   165
24.626, -1.863,   none, 1D, 12.038,  8.069,  8.035,   165
24.708, -1.901,   none, 1D, 11.998,  8.140,  8.035,   165
24.820, -1.953,   none, 1D,  8.117,  1.398,  7.957,   165
24.902, -2.003,   none, 1D,  8.077,  1.469,  7.957,   165
24.983, -2.044,   none, 1D,  8.037,  1.539,  7.957,   165
25.096, -2.072,   none, 1D,  7.979,  1.597,  7.879,   165
25.177, -2.089,   Li18, 1D,  8.019,  1.667,  7.879,   129
25.257, -2.080,   none, 1D,  7.939,  1.667,  7.879,   129
25.339, -2.046,   none, 1D,  7.898,  1.738,  7.879,   129
25.419, -2.004,   none, 1D,  7.818,  1.738,  7.879,   129
25.499, -1.953,   none, 1D,  7.738,  1.738,  7.879,   129
25.579, -1.899,   none, 1D,  7.658,  1.738,  7.879,   129
25.659, -1.847,   none, 1D,  7.578,  1.738,  7.879,   129
25.740, -1.803,   none, 1D,  7.498,  1.738,  7.879,   129
25.820, -1.770,   none, 1D,  7.417,  1.738,  7.879,   129
25.900, -1.749,   none, 1D,  7.337,  1.738,  7.879,   129
25.980, -1.742, saddle, 1D,  7.257,  1.738,  7.879,   129
26.060, -1.748,   none, 1D,  7.177,  1.738,  7.879,   129
26.140, -1.765,   none, 1D,  7.097,  1.738,  7.879,   129
26.220, -1.792,   none, 1D,  7.017,  1.738,  7.879,   129
26.301, -1.824,   none, 1D,  6.937,  1.738,  7.879,   129
26.381, -1.860,   none, 1D,  6.856,  1.738,  7.879,   129
26.461, -1.895,   none, 1D,  6.776,  1.738,  7.879,   129
26.541, -1.927,   none, 1D,  6.696,  1.738,  7.879,   129
26.621, -1.952,   none, 1D,  6.616,  1.738,  7.879,   129
26.701, -1.969,   none, 1D,  6.536,  1.738,  7.879,   129
26.781, -1.975, Li_i11, 1D,  6.456,  1.738,  7.879,   100
26.862, -1.969,   none, 1D,  6.438,  1.725,  7.801,   100
26.962, -1.947,   none, 1D,  6.461,  1.782,  7.723,   100
27.087, -1.919,   none, 1D,  6.363,  1.768,  7.645,   100
27.169, -1.886,   none, 1D,  6.345,  1.754,  7.567,   100
27.268, -1.859,   none, 1D,  6.368,  1.811,  7.489,   100
27.380, -1.832,   none, 1D,  6.310,  1.868,  7.411,   100
27.462, -1.814,   none, 1D,  6.292,  1.855,  7.333,   100
27.574, -1.798,   none, 1D,  6.235,  1.912,  7.255,   100
27.655, -1.792,   none, 1D,  6.217,  1.898,  7.177,   100
27.755, -1.788, saddle, 1D,  6.239,  1.955,  7.099,   100
27.836, -1.794,   none, 1D,  6.222,  1.942,  7.021,   100
27.917, -1.799,   none, 1D,  6.204,  1.928,  6.943,   100
28.016, -1.812,   none, 1D,  6.227,  1.985,  6.865,   100
28.117, -1.824,   none, 1D,  6.289,  1.971,  6.787,   100
28.216, -1.842,   none, 1D,  6.312,  2.028,  6.709,   100
28.317, -1.857,   none, 1D,  6.374,  2.015,  6.631,   100
28.416, -1.880,   none, 1D,  6.397,  2.072,  6.553,   100
28.517, -1.903,   none, 1D,  6.459,  2.058,  6.475,   100
28.658, -1.934,   none, 1D,  6.562,  2.115,  6.397,   100
28.759, -1.970,   none, 1D,  6.624,  2.102,  6.319,   100
28.900, -2.015,   none, 1D,  6.727,  2.159,  6.241,   100
29.001, -2.063,   none, 1D,  6.789,  2.145,  6.163,   100
29.142, -2.111,   none, 1D,  6.892,  2.202,  6.085,   100
29.243, -2.149,   none, 1D,  6.954,  2.188,  6.007,   100
29.324, -2.167, Li_i14, 1D,  6.937,  2.175,  5.929,   107
29.423, -2.166,   none, 1D,  6.959,  2.232,  5.851,   107
29.505, -2.151,   none, 1D,  6.919,  2.303,  5.851,   107
29.586, -2.125,   none, 1D,  6.879,  2.373,  5.851,   107
29.667, -2.094,   none, 1D,  6.918,  2.444,  5.851,   107
29.749, -2.062,   none, 1D,  6.878,  2.515,  5.851,   107
29.830, -2.028,   none, 1D,  6.838,  2.586,  5.851,   107
29.912, -1.995,   none, 1D,  6.797,  2.657,  5.851,   107
29.993, -1.965,   none, 1D,  6.757,  2.728,  5.851,   107
30.093, -1.943,   none, 1D,  6.779,  2.785,  5.773,   107
30.174, -1.932,   none, 1D,  6.739,  2.856,  5.773,   107
30.256, -1.928, saddle, 1D,  6.699,  2.926,  5.773,   107
30.337, -1.928,   none, 1D,  6.658,  2.997,  5.773,   107
30.419, -1.934,   none, 1D,  6.618,  3.068,  5.773,   107
30.518, -1.945,   none, 1D,  6.640,  3.125,  5.695,   107
30.599, -1.971,   none, 1D,  6.600,  3.196,  5.695,   107
30.681, -1.996,   none, 1D,  6.560,  3.267,  5.695,   107
30.762, -2.019,   none, 1D,  6.519,  3.338,  5.695,   107
30.862, -2.043,   none, 1D,  6.542,  3.395,  5.617,   107
30.943, -2.068,   none, 1D,  6.501,  3.466,  5.617,   107
31.024, -2.087,   none, 1D,  6.541,  3.536,  5.617,   107
31.106, -2.096,   Li11, 1D,  6.501,  3.607,  5.617,    92
31.187, -2.094,   none, 1D,  6.541,  3.678,  5.617,    92
31.286, -2.080,   none, 1D,  6.563,  3.735,  5.539,    92
31.415, -2.058,   none, 1D,  6.620,  3.820,  5.617,    92
31.496, -2.031,   none, 1D,  6.660,  3.891,  5.617,    92
31.635, -2.004,   none, 1D,  6.780,  3.961,  5.617,    92
31.717, -1.986,   none, 1D,  6.820,  4.032,  5.617,    92
31.856, -1.976, saddle, 1D,  6.940,  4.103,  5.617,    92
31.937, -1.981,   none, 1D,  6.980,  4.174,  5.617,    92
32.116, -2.005,   none, 1D,  7.117,  4.258,  5.695,    92
32.256, -2.040,   none, 1D,  7.237,  4.329,  5.695,    92
32.395, -2.083,   none, 1D,  7.357,  4.400,  5.695,    92
32.534, -2.131,   none, 1D,  7.477,  4.471,  5.695,    92
32.674, -2.178,   none, 1D,  7.597,  4.542,  5.695,    92
32.813, -2.218,   none, 1D,  7.717,  4.613,  5.695,    92
32.894, -2.244,   none, 1D,  7.757,  4.683,  5.695,    92
33.007, -2.257,   none, 1D,  7.699,  4.740,  5.617,    92
33.862, -2.266,   Li16, 2D,  8.491,  4.654,  5.929,   138
33.975, -2.258,   none, 2D,  8.433,  4.711,  5.851,   138
34.057, -2.242,   none, 2D,  8.393,  4.782,  5.851,   138
34.138, -2.211,   none, 2D,  8.433,  4.852,  5.851,   138
34.277, -2.164,   none, 2D,  8.553,  4.923,  5.851,   138
34.456, -2.103,   none, 2D,  8.690,  5.008,  5.929,   138
34.596, -2.039,   none, 2D,  8.810,  5.079,  5.929,   138
34.677, -1.973,   none, 2D,  8.850,  5.149,  5.929,   138
34.816, -1.906,   none, 2D,  8.970,  5.220,  5.929,   138
34.898, -1.844,   none, 2D,  9.010,  5.291,  5.929,   138
35.077, -1.790,   none, 2D,  9.147,  5.376,  6.007,   138
35.158, -1.758,   none, 2D,  9.187,  5.446,  6.007,   138
35.239, -1.735,   none, 2D,  9.227,  5.517,  6.007,   138
35.379, -1.724, saddle, 2D,  9.347,  5.588,  6.007,   138
35.460, -1.727,   none, 2D,  9.386,  5.659,  6.007,   138
35.588, -1.740,   none, 2D,  9.444,  5.743,  6.085,   138
35.670, -1.759,   none, 2D,  9.484,  5.814,  6.085,   138
35.751, -1.775,   none, 2D,  9.523,  5.885,  6.085,   138
35.832, -1.786,   none, 2D,  9.563,  5.956,  6.085,   138
35.914, -1.791,   none, 2D,  9.523,  6.027,  6.085,   138
37.187, -1.985,   Li14, 2D,  9.323,  7.274,  5.929,   126
37.268, -1.985,   none, 2D,  9.306,  7.260,  5.851,   126
37.369, -1.965,   none, 2D,  9.368,  7.247,  5.773,   126
37.468, -1.930,   none, 2D,  9.391,  7.304,  5.695,   126
37.569, -1.883,   none, 2D,  9.453,  7.290,  5.617,   126
37.710, -1.840,   none, 2D,  9.556,  7.347,  5.539,   126
37.811, -1.791,   none, 2D,  9.618,  7.334,  5.461,   126
37.952, -1.754,   none, 2D,  9.721,  7.391,  5.383,   126
38.092, -1.720,   none, 2D,  9.823,  7.448,  5.305,   126
38.233, -1.693,   none, 2D,  9.926,  7.505,  5.227,   126
38.374, -1.677,   none, 2D, 10.028,  7.562,  5.149,   126
38.515, -1.673, saddle, 2D, 10.131,  7.619,  5.071,   126
38.656, -1.681,   none, 2D,  6.410,  0.877,  4.993,   126
38.797, -1.697,   none, 2D,  6.513,  0.934,  4.915,   126
38.936, -1.719,   none, 2D,  6.632,  1.005,  4.915,   126
39.017, -1.746,   none, 2D,  6.672,  1.076,  4.915,   126
39.158, -1.777,   none, 2D,  6.775,  1.133,  4.837,   126
39.287, -1.807,   none, 2D,  6.832,  1.217,  4.915,   126
39.368, -1.835,   none, 2D,  6.872,  1.288,  4.915,   126
39.449, -1.858,   none, 2D,  6.912,  1.359,  4.915,   126
39.578, -1.876,   none, 2D,  6.969,  1.444,  4.993,   126
39.695, -1.894,   none, 2D,  6.946,  1.528,  5.071,   126
39.812, -1.904,   none, 2D,  6.923,  1.613,  5.149,   126
39.941, -1.920,   none, 2D,  6.981,  1.697,  5.227,   126
40.058, -1.937,   none, 2D,  6.958,  1.782,  5.305,   126
40.139, -1.961,   none, 2D,  6.975,  1.795,  5.383,   126
40.256, -1.992,   none, 2D,  6.953,  1.880,  5.461,   126
40.385, -2.028,   none, 2D,  7.010,  1.965,  5.539,   126
40.502, -2.072,   none, 2D,  6.987,  2.049,  5.617,   126
40.619, -2.113,   none, 2D,  6.964,  2.134,  5.695,   126
40.701, -2.148,   none, 2D,  6.982,  2.147,  5.773,   126
40.782, -2.166,   none, 2D,  6.999,  2.161,  5.851,   126
43.523, -2.263, Li_i13, 2D,  7.659,  4.811,  5.617,   114
43.603, -2.259,   none, 2D,  7.739,  4.811,  5.617,   114
43.716, -2.256,   none, 2D,  7.797,  4.754,  5.695,   114
43.796, -2.252,   none, 2D,  7.877,  4.754,  5.695,   114
43.876, -2.246,   none, 2D,  7.957,  4.754,  5.695,   114
43.989, -2.244, saddle, 2D,  8.015,  4.697,  5.773,   114
44.069, -2.246,   none, 2D,  8.095,  4.697,  5.773,   114
44.194, -2.247,   none, 2D,  8.193,  4.711,  5.851,   114
44.275, -2.253,   none, 2D,  8.273,  4.711,  5.851,   114
44.355, -2.257,   none, 2D,  8.353,  4.711,  5.851,   114
44.467, -2.262,   none, 2D,  8.411,  4.654,  5.929,   114
50.046, -2.163,    Li6, 3D,  3.456,  2.429,  1.326,    76
50.175, -2.161,   none, 3D,  3.398,  2.344,  1.248,    76
50.292, -2.157,   none, 3D,  3.421,  2.260,  1.170,    76
50.373, -2.150,   none, 3D,  3.461,  2.189,  1.170,    76
50.491, -2.138,   none, 3D,  3.484,  2.104,  1.092,    76
50.571, -2.122,   none, 3D,  3.564,  2.104,  1.092,    76
50.688, -2.099,   none, 3D,  3.587,  2.020,  1.014,    76
50.805, -2.067,   none, 3D,  3.610,  1.935,  0.936,    76
50.923, -2.021,   none, 3D,  3.633,  1.851,  0.858,    76
51.024, -1.971,   none, 3D,  3.695,  1.837,  0.780,    76
51.125, -1.916,   none, 3D,  3.758,  1.823,  0.702,    76
51.226, -1.859,   none, 3D,  3.821,  1.809,  0.624,    76
51.343, -1.804,   none, 3D,  3.843,  1.725,  0.546,    76
51.444, -1.755,   none, 3D,  3.906,  1.711,  0.468,    76
51.545, -1.708,   none, 3D,  3.969,  1.698,  0.390,    76
51.662, -1.669,   none, 3D,  3.991,  1.613,  0.312,    76
51.763, -1.637,   none, 3D,  4.054,  1.599,  0.234,    76
51.880, -1.614,   none, 3D,  4.077,  1.515,  0.156,    76
51.997, -1.598,   none, 3D,  4.100,  1.430,  0.078,    76
52.098, -1.593, saddle, 3D,  4.162,  1.417,  0.000,    76
52.216, -1.596,   none, 3D,  6.287,  2.976,  9.283,    76
52.333, -1.602,   none, 3D,  6.310,  2.892,  9.205,    76
52.450, -1.611,   none, 3D,  6.332,  2.807,  9.127,    76
52.531, -1.619,   none, 3D,  6.315,  2.794,  9.049,    76
52.649, -1.631,   none, 3D,  6.338,  2.709,  8.971,    76
52.766, -1.638,   none, 3D,  6.360,  2.625,  8.893,    76
52.847, -1.651,   none, 3D,  6.343,  2.611,  8.815,    76
52.964, -1.660,   none, 3D,  6.366,  2.526,  8.737,    76
53.093, -1.680,   none, 3D,  6.308,  2.442,  8.659,    76
53.210, -1.700,   none, 3D,  6.331,  2.357,  8.581,    76
53.339, -1.727,   none, 3D,  6.274,  2.273,  8.503,    76
53.456, -1.760,   none, 3D,  6.297,  2.188,  8.425,    76
53.537, -1.792,   none, 3D,  6.279,  2.175,  8.347,    76
53.654, -1.829,   none, 3D,  6.302,  2.090,  8.269,    76
53.771, -1.866,   none, 3D,  6.325,  2.006,  8.191,    76
53.889, -1.904,   none, 3D,  6.348,  1.921,  8.113,    76
54.006, -1.938,   none, 3D,  6.370,  1.836,  8.035,    76
54.123, -1.963,   none, 3D,  6.393,  1.752,  7.957,    76
58.238, -2.266,   Li16, 0D,  8.491,  4.654,  5.929,   152
58.320, -2.264,   none, 0D,  8.531,  4.583,  5.929,   152
58.401, -2.254,   none, 0D,  8.491,  4.512,  5.929,   152
58.514, -2.240,   none, 0D,  8.549,  4.455,  6.007,   152
58.595, -2.220,   none, 0D,  8.590,  4.384,  6.007,   152
58.677, -2.193,   none, 0D,  8.630,  4.313,  6.007,   152
58.758, -2.164,   none, 0D,  8.590,  4.242,  6.007,   152
58.871, -2.136,   none, 0D,  8.648,  4.185,  6.085,   152
58.952, -2.107,   none, 0D,  8.688,  4.114,  6.085,   152
59.034, -2.076,   none, 0D,  8.728,  4.044,  6.085,   152
59.115, -2.047,   none, 0D,  8.689,  3.973,  6.085,   152
59.196, -2.023,   none, 0D,  8.729,  3.902,  6.085,   152
59.309, -2.001,   none, 0D,  8.787,  3.845,  6.163,   152
59.391, -1.985,   none, 0D,  8.827,  3.774,  6.163,   152
59.472, -1.974,   none, 0D,  8.787,  3.703,  6.163,   152
59.553, -1.971,   none, 0D,  8.828,  3.632,  6.163,   152
59.635, -1.967,   none, 0D,  8.868,  3.562,  6.163,   152
59.716, -1.961, saddle, 0D,  8.908,  3.491,  6.163,   152
59.816, -1.971,   none, 0D,  8.886,  3.434,  6.241,   152
59.897, -1.973, Li_i17, 0D,  8.926,  3.363,  6.241,   161
59.978, -1.972,   none, 0D,  8.886,  3.292,  6.241,   161
60.060, -1.967,   none, 0D,  8.927,  3.221,  6.241,   161
60.141, -1.958,   none, 0D,  8.887,  3.150,  6.241,   161
60.222, -1.941,   none, 0D,  8.847,  3.079,  6.241,   161
60.304, -1.919,   none, 0D,  8.807,  3.009,  6.241,   161
60.385, -1.897,   none, 0D,  8.767,  2.938,  6.241,   161
60.466, -1.877,   none, 0D,  8.728,  2.867,  6.241,   161
60.595, -1.866, saddle, 0D,  8.670,  2.782,  6.163,   161
60.676, -1.866,   none, 0D,  8.630,  2.712,  6.163,   161
60.757, -1.875,   none, 0D,  8.591,  2.641,  6.163,   161
60.896, -1.900,   none, 0D,  8.471,  2.570,  6.163,   161
60.978, -1.935,   none, 0D,  8.431,  2.499,  6.163,   161
61.117, -1.978,   none, 0D,  8.311,  2.428,  6.163,   161
61.198, -2.030,   none, 0D,  8.271,  2.357,  6.163,   161
61.279, -2.079,   none, 0D,  8.231,  2.287,  6.163,   161
61.419, -2.121,   none, 0D,  8.111,  2.216,  6.163,   161
61.500, -2.148,   none, 0D,  8.071,  2.145,  6.163,   161
61.582, -2.154,   Li20, 0D,  8.112,  2.074,  6.163,   141
61.662, -2.150,   none, 0D,  8.032,  2.074,  6.163,   141
61.743, -2.135,   none, 0D,  7.991,  2.145,  6.163,   141
61.869, -2.114,   none, 0D,  7.894,  2.131,  6.085,   141
61.949, -2.098,   none, 0D,  7.814,  2.131,  6.085,   141
62.029, -2.081,   none, 0D,  7.733,  2.131,  6.085,   141
62.155, -2.068,   none, 0D,  7.636,  2.118,  6.007,   141
62.235, -2.067, saddle, 0D,  7.556,  2.118,  6.007,   141
62.315, -2.071,   none, 0D,  7.475,  2.118,  6.007,   141
62.441, -2.082,   none, 0D,  7.378,  2.104,  5.929,   141
62.521, -2.100,   none, 0D,  7.298,  2.104,  5.929,   141
62.601, -2.118,   none, 0D,  7.218,  2.104,  5.929,   141
62.683, -2.138,   none, 0D,  7.177,  2.175,  5.929,   141
62.808, -2.156,   none, 0D,  7.080,  2.161,  5.851,   141
62.889, -2.166,   none, 0D,  6.999,  2.161,  5.851,   141
62.990, -2.167, Li_i14, 0D,  6.937,  2.175,  5.929,   107
63.089, -2.166,   none, 0D,  6.959,  2.232,  5.851,   107
63.170, -2.151,   none, 0D,  6.919,  2.303,  5.851,   107
63.252, -2.125,   none, 0D,  6.879,  2.373,  5.851,   107
63.333, -2.094,   none, 0D,  6.918,  2.444,  5.851,   107
63.415, -2.062,   none, 0D,  6.878,  2.515,  5.851,   107
63.496, -2.028,   none, 0D,  6.838,  2.586,  5.851,   107
63.577, -1.995,   none, 0D,  6.797,  2.657,  5.851,   107
63.659, -1.965,   none, 0D,  6.757,  2.728,  5.851,   107
63.758, -1.943,   none, 0D,  6.779,  2.785,  5.773,   107
63.840, -1.932,   none, 0D,  6.739,  2.856,  5.773,   107
63.921, -1.928, saddle, 0D,  6.699,  2.926,  5.773,   107
64.003, -1.928,   none, 0D,  6.658,  2.997,  5.773,   107
64.084, -1.934,   none, 0D,  6.618,  3.068,  5.773,   107
64.183, -1.945,   none, 0D,  6.640,  3.125,  5.695,   107
64.265, -1.971,   none, 0D,  6.600,  3.196,  5.695,   107
64.346, -1.996,   none, 0D,  6.560,  3.267,  5.695,   107
64.428, -2.019,   none, 0D,  6.519,  3.338,  5.695,   107
64.527, -2.043,   none, 0D,  6.542,  3.395,  5.617,   107
64.609, -2.068,   none, 0D,  6.501,  3.466,  5.617,   107
64.690, -2.087,   none, 0D,  6.541,  3.536,  5.617,   107
64.771, -2.096,   Li11, 0D,  6.501,  3.607,  5.617,    92
64.853, -2.094,   none, 0D,  6.541,  3.678,  5.617,    92
64.952, -2.080,   none, 0D,  6.563,  3.735,  5.539,    92
65.080, -2.058,   none, 0D,  6.620,  3.820,  5.617,    92
65.162, -2.031,   none, 0D,  6.660,  3.891,  5.617,    92
65.301, -2.004,   none, 0D,  6.780,  3.961,  5.617,    92
65.382, -1.986,   none, 0D,  6.820,  4.032,  5.617,    92
65.522, -1.976, saddle, 0D,  6.940,  4.103,  5.617,    92
65.603, -1.981,   none, 0D,  6.980,  4.174,  5.617,    92
65.782, -2.005,   none, 0D,  7.117,  4.258,  5.695,    92
65.921, -2.040,   none, 0D,  7.237,  4.329,  5.695,    92
66.061, -2.083,   none, 0D,  7.357,  4.400,  5.695,    92
66.200, -2.131,   none, 0D,  7.477,  4.471,  5.695,    92
66.339, -2.178,   none, 0D,  7.597,  4.542,  5.695,    92
66.479, -2.218,   none, 0D,  7.717,  4.613,  5.695,    92
66.560, -2.244,   none, 0D,  7.757,  4.683,  5.695,    92
66.672, -2.257,   none, 0D,  7.699,  4.740,  5.617,    92
66.754, -2.263, Li_i13, 0D,  7.659,  4.811,  5.617,   114
66.834, -2.259,   none, 0D,  7.739,  4.811,  5.617,   114
66.947, -2.256,   none, 0D,  7.797,  4.754,  5.695,   114
67.027, -2.252,   none, 0D,  7.877,  4.754,  5.695,   114
67.107, -2.246,   none, 0D,  7.957,  4.754,  5.695,   114
67.220, -2.244, saddle, 0D,  8.015,  4.697,  5.773,   114
67.300, -2.246,   none, 0D,  8.095,  4.697,  5.773,   114
67.426, -2.247,   none, 0D,  8.193,  4.711,  5.851,   114
67.506, -2.253,   none, 0D,  8.273,  4.711,  5.851,   114
67.586, -2.257,   none, 0D,  8.353,  4.711,  5.851,   114
67.699, -2.262,   none, 0D,  8.411,  4.654,  5.929,   114
