r_coor, energy,   site, dn,      x,      y,      z, index
 3.164,  3.793,  Li_i3, 1D,  2.083,  3.706,  7.887,    58
 3.235,  3.824,   none, 1D,  2.154,  3.706,  7.887,    58
 3.307,  3.913,   none, 1D,  2.226,  3.706,  7.887,    58
 3.379,  4.058,   none, 1D,  2.298,  3.706,  7.887,    58
 3.450,  4.257,   none, 1D,  2.369,  3.706,  7.887,    58
 3.564,  4.561,   none, 1D,  2.447,  3.719,  7.969,    58
 3.677,  4.987,   none, 1D,  2.526,  3.731,  8.050,    58
 3.791,  5.486,   none, 1D,  2.604,  3.744,  8.131,    58
 3.904,  6.003,   none, 1D,  2.682,  3.756,  8.213,    58
 4.018,  6.482,   none, 1D,  2.760,  3.769,  8.294,    58
 4.131,  6.867,   none, 1D,  2.839,  3.781,  8.375,    58
 4.264,  7.082,   none, 1D,  2.917,  3.711,  8.457,    58
 4.378,  7.092, saddle, 1D,  2.995,  3.723,  8.538,    58
 4.491,  6.934,   none, 1D,  3.073,  3.736,  8.619,    58
 4.605,  6.629,   none, 1D,  3.151,  3.748,  8.700,    58
 4.719,  6.217,   none, 1D,  3.230,  3.761,  8.782,    58
 4.832,  5.746,   none, 1D,  3.308,  3.773,  8.863,    58
 4.946,  5.268,   none, 1D,  3.386,  3.786,  8.944,    58
 5.079,  4.820,   none, 1D,  3.464,  3.715,  9.026,    58
 5.192,  4.461,   none, 1D,  3.542,  3.728,  9.107,    58
 5.306,  4.237,   none, 1D,  3.621,  3.740,  9.188,    58
 5.410,  4.088,   none, 1D,  3.686,  3.728,  9.107,    58
 5.482,  3.994,   none, 1D,  3.757,  3.728,  9.107,    58
 5.554,  3.965,  Li_i4, 1D,  3.829,  3.728,  9.107,    92
 5.625,  4.007,   none, 1D,  3.900,  3.728,  9.107,    92
 5.697,  4.126,   none, 1D,  3.972,  3.728,  9.107,    92
 5.810,  4.324,   none, 1D,  4.050,  3.740,  9.188,    92
 5.882,  4.607,   none, 1D,  4.122,  3.740,  9.188,    92
 5.996,  4.970,   none, 1D,  4.200,  3.753,  9.270,    92
 6.109,  5.386,   none, 1D,  4.278,  3.765,  9.351,    92
 6.223,  5.813,   none, 1D,  4.357,  3.778,  9.432,    92
 6.356,  6.192,   none, 1D,  4.435,  3.707,  9.514,    92
 6.469,  6.497,   none, 1D,  4.513,  3.720,  9.595,    92
 6.583,  6.698,   none, 1D,  4.591,  3.732,  9.676,    92
 6.696,  6.774, saddle, 1D,  3.872,  2.243,  0.000,    92
 6.810,  6.716,   none, 1D,  3.951,  2.255,  0.081,    92
 6.881,  6.527,   none, 1D,  4.022,  2.255,  0.081,    92
 6.995,  6.219,   none, 1D,  4.100,  2.268,  0.163,    92
 7.128,  5.824,   none, 1D,  4.179,  2.197,  0.244,    92
 7.241,  5.380,   none, 1D,  4.257,  2.210,  0.325,    92
 7.355,  4.937,   none, 1D,  4.335,  2.222,  0.407,    92
 7.468,  4.536,   none, 1D,  4.413,  2.235,  0.488,    92
 7.582,  4.216,   none, 1D,  4.491,  2.247,  0.569,    92
 7.653,  3.978,   none, 1D,  4.563,  2.247,  0.569,    92
 7.725,  3.830,   none, 1D,  4.635,  2.247,  0.569,    92
 7.797,  3.761,  Li_i2, 1D,  4.706,  2.247,  0.569,     2
 7.938,  3.882,   none, 1D,  4.771,  2.152,  0.488,     2
 8.079,  4.230,   none, 1D,  4.836,  2.056,  0.407,     2
 8.220,  4.750,   none, 1D,  4.900,  1.961,  0.325,     2
 8.362,  5.362,   none, 1D,  4.965,  1.865,  0.244,     2
 8.503,  5.961,   none, 1D,  5.030,  1.769,  0.163,     2
 8.644,  6.439,   none, 1D,  5.095,  1.674,  0.081,     2
 8.785,  6.702, saddle, 1D,  0.004,  1.578,  0.000,     2
 8.926,  6.699,   none, 1D,  0.866,  2.985,  9.676,     2
 9.068,  6.431,   none, 1D,  0.931,  2.889,  9.595,     2
 9.209,  5.956,   none, 1D,  0.995,  2.794,  9.514,     2
 9.350,  5.372,   none, 1D,  1.060,  2.698,  9.432,     2
 9.491,  4.788,   none, 1D,  1.125,  2.602,  9.351,     2
 9.632,  4.310,   none, 1D,  1.190,  2.507,  9.270,     2
 9.758,  4.010,   none, 1D,  1.183,  2.411,  9.188,     2
 9.884,  3.885,   none, 1D,  1.176,  2.316,  9.107,     2
 9.967,  3.882,  Li_i1, 1D,  1.176,  2.233,  9.107,    24
10.050,  3.885,   none, 1D,  1.176,  2.316,  9.107,    24
10.133,  3.984,   none, 1D,  1.176,  2.399,  9.107,    24
10.243,  4.168,   none, 1D,  1.248,  2.482,  9.107,    24
10.351,  4.490,   none, 1D,  1.241,  2.552,  9.026,    24
10.476,  4.933,   none, 1D,  1.307,  2.623,  8.944,    24
10.602,  5.453,   none, 1D,  1.372,  2.693,  8.863,    24
10.728,  5.983,   none, 1D,  1.437,  2.764,  8.782,    24
10.854,  6.452,   none, 1D,  1.502,  2.835,  8.700,    24
10.980,  6.797,   none, 1D,  1.567,  2.905,  8.619,    24
11.106,  6.970, saddle, 1D,  1.633,  2.976,  8.538,    24
11.232,  6.945,   none, 1D,  1.698,  3.046,  8.457,    24
11.357,  6.725,   none, 1D,  1.763,  3.117,  8.375,    24
11.483,  6.337,   none, 1D,  1.828,  3.187,  8.294,    24
11.591,  5.830,   none, 1D,  1.822,  3.258,  8.213,    24
11.717,  5.276,   none, 1D,  1.887,  3.328,  8.131,    24
11.843,  4.752,   none, 1D,  1.952,  3.399,  8.050,    24
11.969,  4.328,   none, 1D,  2.017,  3.470,  7.969,    24
12.094,  4.062,   none, 1D,  2.082,  3.540,  7.887,    24
12.178,  3.880,   none, 1D,  2.083,  3.623,  7.887,    24
16.332,  3.882,  Li_i1, 2D,  4.793,  5.250,  0.651,     0
16.439,  3.962,   none, 2D,  4.786,  5.321,  0.569,     0
16.549,  4.120,   none, 2D,  4.715,  5.404,  0.569,     0
16.632,  4.368,   none, 2D,  4.715,  5.487,  0.569,     0
16.758,  4.722,   none, 2D,  4.780,  5.558,  0.488,     0
16.884,  5.208,   none, 2D,  4.845,  5.628,  0.407,     0
17.010,  5.758,   none, 2D,  4.911,  5.699,  0.325,     0
17.135,  6.297,   none, 2D,  4.976,  5.769,  0.244,     0
17.261,  6.750,   none, 2D,  5.041,  5.840,  0.163,     0
17.387,  7.052,   none, 2D,  5.106,  5.910,  0.081,     0
17.513,  7.158, saddle, 2D,  0.000,  0.000,  0.000,     0
17.639,  7.052,   none, 2D,  0.862,  1.573,  9.676,     0
17.765,  6.750,   none, 2D,  0.927,  1.643,  9.595,     0
17.891,  6.297,   none, 2D,  0.992,  1.714,  9.514,     0
18.016,  5.758,   none, 2D,  1.058,  1.784,  9.432,     0
18.142,  5.208,   none, 2D,  1.123,  1.855,  9.351,     0
18.268,  4.722,   none, 2D,  1.188,  1.925,  9.270,     0
18.394,  4.368,   none, 2D,  1.253,  1.996,  9.188,     0
18.477,  4.120,   none, 2D,  1.253,  2.079,  9.188,     0
18.587,  3.962,   none, 2D,  1.182,  2.162,  9.188,     0
23.242, -1.786,    Li2, 3D,  0.406,  3.742,  4.879,    22
23.324, -1.772,   none, 3D,  0.400,  3.729,  4.797,    22
23.407, -1.728,   none, 3D,  0.393,  3.717,  4.716,    22
23.489, -1.655,   none, 3D,  0.387,  3.704,  4.635,    22
23.597, -1.557,   none, 3D,  0.380,  3.775,  4.554,    22
23.680, -1.433,   none, 3D,  0.373,  3.762,  4.472,    22
23.784, -1.285,   none, 3D,  0.438,  3.750,  4.391,    22
23.867, -1.115,   none, 3D,  0.432,  3.737,  4.310,    22
23.949, -0.923,   none, 3D,  0.425,  3.724,  4.228,    22
24.032, -0.712,   none, 3D,  0.419,  3.712,  4.147,    22
24.140, -0.486,   none, 3D,  0.412,  3.783,  4.066,    22
24.222, -0.258,   none, 3D,  0.405,  3.770,  3.984,    22
24.305, -0.021,   none, 3D,  0.399,  3.757,  3.903,    22
24.387,  0.223,   none, 3D,  0.392,  3.745,  3.822,    22
24.492,  0.462,   none, 3D,  0.457,  3.732,  3.740,    22
24.575,  0.704,   none, 3D,  0.451,  3.720,  3.659,    22
24.657,  0.948,   none, 3D,  0.444,  3.707,  3.578,    22
24.765,  1.186,   none, 3D,  0.437,  3.778,  3.496,    22
24.848,  1.421,   none, 3D,  0.431,  3.765,  3.415,    22
24.956,  1.722,   none, 3D,  0.424,  3.836,  3.334,    22
25.063,  2.094,   none, 3D,  0.418,  3.907,  3.253,    22
25.171,  2.533,   none, 3D,  0.412,  3.977,  3.171,    22
25.297,  3.075,   none, 3D,  0.477,  4.048,  3.090,    22
25.423,  3.719,   none, 3D,  0.542,  4.118,  3.009,    22
25.549,  4.413,   none, 3D,  0.607,  4.189,  2.927,    22
25.675,  5.095,   none, 3D,  0.672,  4.259,  2.846,    22
25.801,  5.698,   none, 3D,  0.737,  4.330,  2.765,    22
25.926,  6.158,   none, 3D,  0.803,  4.400,  2.683,    22
26.052,  6.421,   none, 3D,  0.868,  4.471,  2.602,    22
26.178,  6.459, saddle, 3D,  0.933,  4.542,  2.521,    22
26.304,  6.269,   none, 3D,  0.998,  4.612,  2.439,    22
26.430,  5.881,   none, 3D,  1.063,  4.683,  2.358,    22
26.556,  5.344,   none, 3D,  1.129,  4.753,  2.277,    22
26.681,  4.725,   none, 3D,  1.194,  4.824,  2.195,    22
26.807,  4.095,   none, 3D,  1.259,  4.894,  2.114,    22
26.933,  3.523,   none, 3D,  1.324,  4.965,  2.033,    22
27.043,  3.048,   none, 3D,  1.396,  5.048,  2.033,    22
27.153,  2.661,   none, 3D,  1.468,  5.131,  2.033,    22
27.236,  2.314,   none, 3D,  1.468,  5.214,  2.033,    22
27.319,  2.007,   none, 3D,  1.468,  5.297,  2.033,    22
27.429,  1.717,   none, 3D,  1.540,  5.380,  2.033,    22
27.577,  1.421,   none, 3D,  1.618,  5.476,  2.114,    22
27.660,  1.131,   none, 3D,  1.619,  5.559,  2.114,    22
27.808,  0.828,   none, 3D,  1.697,  5.654,  2.195,    22
27.918,  0.509,   none, 3D,  1.769,  5.737,  2.195,    22
28.066,  0.165,   none, 3D,  1.847,  5.833,  2.277,    22
28.214, -0.175,   none, 3D,  1.926,  5.929,  2.358,    22
28.323, -0.508,   none, 3D,  1.998,  6.012,  2.358,    22
28.471, -0.826,   none, 3D,  2.076,  6.107,  2.439,    22
28.619, -1.091,   none, 3D,  2.155,  6.203,  2.521,    22
28.729, -1.302,   none, 3D,  2.227,  6.286,  2.521,    22
28.812, -1.459,   none, 3D,  2.211,  0.388,  2.521,    22
28.895, -1.581,   none, 3D,  2.211,  0.471,  2.521,    22
28.978, -1.669,   none, 3D,  2.211,  0.554,  2.521,    22
29.062, -1.725,   none, 3D,  2.211,  0.637,  2.521,    22
29.195, -1.753,    Li1, 3D,  2.133,  0.708,  2.439,    62
29.277, -1.750,   none, 3D,  2.140,  0.720,  2.521,    62
29.391, -1.719,   none, 3D,  2.218,  0.733,  2.602,    62
29.473, -1.660,   none, 3D,  2.225,  0.745,  2.683,    62
29.556, -1.573,   none, 3D,  2.231,  0.758,  2.765,    62
29.638, -1.457,   none, 3D,  2.238,  0.770,  2.846,    62
29.721, -1.312,   none, 3D,  2.245,  0.783,  2.927,    62
29.829, -1.142,   none, 3D,  2.251,  0.712,  3.009,    62
29.911, -0.951,   none, 3D,  2.258,  0.725,  3.090,    62
29.994, -0.737,   none, 3D,  2.264,  0.737,  3.171,    62
30.076, -0.502,   none, 3D,  2.271,  0.750,  3.253,    62
30.159, -0.252,   none, 3D,  2.278,  0.762,  3.334,    62
30.264,  0.008,   none, 3D,  2.213,  0.775,  3.415,    62
30.346,  0.271,   none, 3D,  2.219,  0.787,  3.496,    62
30.454,  0.523,   none, 3D,  2.226,  0.717,  3.578,    62
30.536,  0.770,   none, 3D,  2.232,  0.729,  3.659,    62
30.619,  1.012,   none, 3D,  2.239,  0.742,  3.740,    62
30.702,  1.251,   none, 3D,  2.246,  0.754,  3.822,    62
30.784,  1.486,   none, 3D,  2.252,  0.767,  3.903,    62
30.867,  1.721,   none, 3D,  2.259,  0.779,  3.984,    62
30.949,  1.962,   none, 3D,  2.266,  0.792,  4.066,    62
31.057,  2.201,   none, 3D,  2.272,  0.721,  4.147,    62
31.171,  2.564,   none, 3D,  2.350,  0.734,  4.228,    62
31.284,  3.043,   none, 3D,  2.429,  0.746,  4.310,    62
31.398,  3.609,   none, 3D,  2.507,  0.759,  4.391,    62
31.511,  4.223,   none, 3D,  2.585,  0.772,  4.472,    62
31.625,  4.838,   none, 3D,  2.663,  0.784,  4.554,    62
31.758,  5.396,   none, 3D,  2.741,  0.713,  4.635,    62
31.871,  5.832,   none, 3D,  2.820,  0.726,  4.716,    62
31.985,  6.114,   none, 3D,  2.898,  0.739,  4.797,    62
32.098,  6.211, saddle, 3D,  2.976,  0.751,  4.879,    62
32.212,  6.114,   none, 3D,  3.054,  0.764,  4.960,    62
32.325,  5.832,   none, 3D,  3.133,  0.776,  5.041,    62
32.439,  5.396,   none, 3D,  3.211,  0.789,  5.123,    62
32.572,  4.838,   none, 3D,  3.305,  6.699,  5.204,    62
32.685,  4.223,   none, 3D,  3.383,  6.712,  5.285,    62
32.799,  3.609,   none, 3D,  3.461,  6.724,  5.367,    62
32.912,  3.043,   none, 3D,  3.540,  6.737,  5.448,    62
33.026,  2.564,   none, 3D,  3.618,  6.749,  5.529,    62
33.139,  2.201,   none, 3D,  3.696,  6.762,  5.611,    62
33.247,  1.962,   none, 3D,  3.702,  6.691,  5.692,    62
33.330,  1.721,   none, 3D,  3.709,  6.704,  5.773,    62
33.412,  1.486,   none, 3D,  3.716,  6.716,  5.855,    62
33.495,  1.251,   none, 3D,  3.722,  6.729,  5.936,    62
33.577,  1.012,   none, 3D,  3.729,  6.741,  6.017,    62
33.660,  0.770,   none, 3D,  3.736,  6.754,  6.098,    62
33.743,  0.523,   none, 3D,  3.742,  6.766,  6.180,    62
33.850,  0.271,   none, 3D,  3.749,  6.696,  6.261,    62
33.933,  0.008,   none, 3D,  3.755,  6.708,  6.342,    62
34.038, -0.252,   none, 3D,  3.690,  6.721,  6.424,    62
34.120, -0.502,   none, 3D,  3.697,  6.733,  6.505,    62
34.203, -0.737,   none, 3D,  3.704,  6.746,  6.586,    62
34.285, -0.951,   none, 3D,  3.710,  6.758,  6.668,    62
34.368, -1.142,   none, 3D,  3.717,  6.771,  6.749,    62
34.476, -1.312,   none, 3D,  3.723,  6.700,  6.830,    62
34.558, -1.457,   none, 3D,  3.730,  6.713,  6.912,    62
34.641, -1.573,   none, 3D,  3.737,  6.725,  6.993,    62
34.723, -1.660,   none, 3D,  3.743,  6.738,  7.074,    62
34.806, -1.719,   none, 3D,  3.750,  6.750,  7.156,    62
34.919, -1.750,   none, 3D,  3.828,  6.763,  7.237,    62
35.002, -1.753,    Li1, 3D,  3.835,  6.775,  7.318,   106
35.135, -1.725,   none, 3D,  3.757,  6.846,  7.237,   106
35.218, -1.669,   none, 3D,  3.757,  6.929,  7.237,   106
35.301, -1.581,   none, 3D,  3.757,  7.012,  7.237,   106
35.384, -1.459,   none, 3D,  3.741,  1.114,  7.237,   106
35.467, -1.302,   none, 3D,  3.742,  1.197,  7.237,   106
35.577, -1.091,   none, 3D,  3.813,  1.280,  7.237,   106
35.725, -0.826,   none, 3D,  3.892,  1.376,  7.318,   106
35.873, -0.508,   none, 3D,  3.970,  1.471,  7.399,   106
35.983, -0.175,   none, 3D,  4.042,  1.554,  7.399,   106
36.131,  0.165,   none, 3D,  4.121,  1.650,  7.481,   106
36.279,  0.509,   none, 3D,  4.199,  1.746,  7.562,   106
36.389,  0.828,   none, 3D,  4.271,  1.829,  7.562,   106
36.537,  1.131,   none, 3D,  4.349,  1.924,  7.643,   106
36.620,  1.421,   none, 3D,  4.350,  2.007,  7.643,   106
36.768,  1.717,   none, 3D,  4.428,  2.103,  7.725,   106
36.878,  2.007,   none, 3D,  4.500,  2.186,  7.725,   106
36.961,  2.314,   none, 3D,  4.500,  2.269,  7.725,   106
37.044,  2.661,   none, 3D,  4.500,  2.352,  7.725,   106
37.154,  3.048,   none, 3D,  4.572,  2.435,  7.725,   106
37.263,  3.523,   none, 3D,  4.644,  2.518,  7.725,   106
37.389,  4.095,   none, 3D,  4.709,  2.589,  7.643,   106
37.515,  4.725,   none, 3D,  4.774,  2.659,  7.562,   106
37.641,  5.344,   none, 3D,  4.840,  2.730,  7.481,   106
37.767,  5.881,   none, 3D,  4.905,  2.800,  7.399,   106
37.893,  6.269,   none, 3D,  4.970,  2.871,  7.318,   106
38.018,  6.459, saddle, 3D,  5.035,  2.942,  7.237,   106
38.144,  6.421,   none, 3D,  5.100,  3.012,  7.156,   106
38.270,  6.158,   none, 3D,  5.165,  3.083,  7.074,   106
38.396,  5.698,   none, 3D,  5.231,  3.153,  6.993,   106
38.522,  5.095,   none, 3D,  5.296,  3.224,  6.912,   106
38.648,  4.413,   none, 3D,  5.361,  3.294,  6.830,   106
38.774,  3.719,   none, 3D,  5.426,  3.365,  6.749,   106
38.899,  3.075,   none, 3D,  5.491,  3.435,  6.668,   106
39.025,  2.533,   none, 3D,  5.557,  3.506,  6.586,   106
39.133,  2.094,   none, 3D,  5.550,  3.577,  6.505,   106
39.241,  1.722,   none, 3D,  5.544,  3.647,  6.424,   106
39.349,  1.421,   none, 3D,  5.537,  3.718,  6.342,   106
39.431,  1.186,   none, 3D,  5.531,  3.705,  6.261,   106
39.539,  0.948,   none, 3D,  5.524,  3.776,  6.180,   106
39.622,  0.704,   none, 3D,  5.518,  3.763,  6.098,   106
39.704,  0.462,   none, 3D,  5.511,  3.751,  6.017,   106
39.809,  0.223,   none, 3D,  5.576,  3.738,  5.936,   106
39.892, -0.021,   none, 3D,  5.569,  3.726,  5.855,   106
39.974, -0.258,   none, 3D,  5.563,  3.713,  5.773,   106
40.057, -0.486,   none, 3D,  5.556,  3.701,  5.692,   106
40.164, -0.712,   none, 3D,  5.550,  3.771,  5.611,   106
40.247, -0.923,   none, 3D,  5.543,  3.759,  5.529,   106
40.330, -1.115,   none, 3D,  5.536,  3.746,  5.448,   106
40.412, -1.285,   none, 3D,  5.530,  3.734,  5.367,   106
40.517, -1.433,   none, 3D,  0.439,  3.721,  5.285,   106
40.599, -1.557,   none, 3D,  0.433,  3.709,  5.204,   106
40.707, -1.655,   none, 3D,  0.426,  3.779,  5.123,   106
40.790, -1.728,   none, 3D,  0.420,  3.767,  5.041,   106
40.872, -1.772,   none, 3D,  0.413,  3.754,  4.960,   106
40.955, -1.786,    Li2, 3D,  0.406,  3.742,  4.879,    44
41.038, -1.771,   none, 3D,  0.406,  3.658,  4.879,    44
41.121, -1.722,   none, 3D,  0.406,  3.575,  4.879,    44
41.254, -1.630,   none, 3D,  0.484,  3.505,  4.960,    44
41.364, -1.488,   none, 3D,  0.555,  3.422,  4.960,    44
41.473, -1.284,   none, 3D,  0.627,  3.339,  4.960,    44
41.606, -1.034,   none, 3D,  0.705,  3.268,  5.041,    44
41.716, -0.727,   none, 3D,  0.776,  3.185,  5.041,    44
41.848, -0.384,   none, 3D,  0.854,  3.115,  5.123,    44
41.958, -0.002,   none, 3D,  0.926,  3.031,  5.123,    44
42.091,  0.403,   none, 3D,  1.004,  2.961,  5.204,    44
42.200,  0.810,   none, 3D,  1.075,  2.878,  5.204,    44
42.333,  1.243,   none, 3D,  1.153,  2.807,  5.285,    44
42.443,  1.625,   none, 3D,  1.224,  2.724,  5.285,    44
42.552,  2.019,   none, 3D,  1.296,  2.641,  5.285,    44
42.685,  2.406,   none, 3D,  1.374,  2.571,  5.367,    44
42.795,  2.779,   none, 3D,  1.445,  2.488,  5.367,    44
42.928,  3.218,   none, 3D,  1.523,  2.417,  5.448,    44
43.061,  3.747,   none, 3D,  1.601,  2.346,  5.529,    44
43.174,  4.331,   none, 3D,  1.679,  2.359,  5.611,    44
43.307,  4.944,   none, 3D,  1.757,  2.288,  5.692,    44
43.421,  5.520,   none, 3D,  1.836,  2.301,  5.773,    44
43.534,  6.053,   none, 3D,  1.914,  2.313,  5.855,    44
43.667,  6.378,   none, 3D,  1.992,  2.243,  5.936,    44
43.781,  6.549,   none, 3D,  2.070,  2.255,  6.017,    44
43.894,  6.558, saddle, 3D,  2.148,  2.268,  6.098,    44
44.027,  6.324,   none, 3D,  2.226,  2.197,  6.180,    44
44.141,  5.919,   none, 3D,  2.305,  2.210,  6.261,    44
44.254,  5.420,   none, 3D,  2.383,  2.222,  6.342,    44
44.387,  4.803,   none, 3D,  2.461,  2.152,  6.424,    44
44.501,  4.171,   none, 3D,  2.539,  2.164,  6.505,    44
44.634,  3.544,   none, 3D,  2.617,  2.094,  6.586,    44
44.767,  2.964,   none, 3D,  2.695,  2.023,  6.668,    44
44.900,  2.429,   none, 3D,  2.773,  1.953,  6.749,    44
45.033,  1.946,   none, 3D,  2.851,  1.882,  6.830,    44
45.166,  1.527,   none, 3D,  2.929,  1.812,  6.912,    44
45.275,  1.130,   none, 3D,  3.001,  1.729,  6.912,    44
45.408,  0.751,   none, 3D,  3.079,  1.658,  6.993,    44
45.518,  0.352,   none, 3D,  3.150,  1.575,  6.993,    44
45.627, -0.015,   none, 3D,  3.221,  1.492,  6.993,    44
45.760, -0.361,   none, 3D,  3.299,  1.421,  7.074,    44
45.870, -0.685,   none, 3D,  3.371,  1.338,  7.074,    44
46.003, -0.961,   none, 3D,  3.449,  1.268,  7.156,    44
46.112, -1.211,   none, 3D,  3.520,  1.185,  7.156,    44
46.222, -1.405,   none, 3D,  3.592,  1.102,  7.156,    44
46.355, -1.563,   none, 3D,  3.686,  7.012,  7.237,    44
46.464, -1.669,   none, 3D,  3.757,  6.929,  7.237,    44
46.547, -1.725,   none, 3D,  3.757,  6.846,  7.237,    44
46.680, -1.753,    Li1, 3D,  3.835,  6.775,  7.318,   106
46.813, -1.725,   none, 3D,  3.757,  6.846,  7.237,   106
46.896, -1.669,   none, 3D,  3.757,  6.929,  7.237,   106
46.979, -1.581,   none, 3D,  3.757,  7.012,  7.237,   106
47.062, -1.459,   none, 3D,  3.741,  1.114,  7.237,   106
47.145, -1.302,   none, 3D,  3.742,  1.197,  7.237,   106
47.255, -1.091,   none, 3D,  3.813,  1.280,  7.237,   106
47.403, -0.826,   none, 3D,  3.892,  1.376,  7.318,   106
47.551, -0.508,   none, 3D,  3.970,  1.471,  7.399,   106
47.661, -0.175,   none, 3D,  4.042,  1.554,  7.399,   106
47.809,  0.165,   none, 3D,  4.121,  1.650,  7.481,   106
47.957,  0.509,   none, 3D,  4.199,  1.746,  7.562,   106
48.067,  0.828,   none, 3D,  4.271,  1.829,  7.562,   106
48.215,  1.131,   none, 3D,  4.349,  1.924,  7.643,   106
48.298,  1.421,   none, 3D,  4.350,  2.007,  7.643,   106
48.446,  1.717,   none, 3D,  4.428,  2.103,  7.725,   106
48.556,  2.007,   none, 3D,  4.500,  2.186,  7.725,   106
48.639,  2.314,   none, 3D,  4.500,  2.269,  7.725,   106
48.722,  2.661,   none, 3D,  4.500,  2.352,  7.725,   106
48.832,  3.048,   none, 3D,  4.572,  2.435,  7.725,   106
48.942,  3.523,   none, 3D,  4.644,  2.518,  7.725,   106
49.067,  4.095,   none, 3D,  4.709,  2.589,  7.643,   106
49.193,  4.725,   none, 3D,  4.774,  2.659,  7.562,   106
49.319,  5.344,   none, 3D,  4.840,  2.730,  7.481,   106
49.445,  5.881,   none, 3D,  4.905,  2.800,  7.399,   106
49.571,  6.269,   none, 3D,  4.970,  2.871,  7.318,   106
49.697,  6.459, saddle, 3D,  5.035,  2.942,  7.237,   106
49.822,  6.421,   none, 3D,  5.100,  3.012,  7.156,   106
49.948,  6.158,   none, 3D,  5.165,  3.083,  7.074,   106
50.074,  5.698,   none, 3D,  5.231,  3.153,  6.993,   106
50.200,  5.095,   none, 3D,  5.296,  3.224,  6.912,   106
50.326,  4.413,   none, 3D,  5.361,  3.294,  6.830,   106
50.452,  3.719,   none, 3D,  5.426,  3.365,  6.749,   106
50.578,  3.075,   none, 3D,  5.491,  3.435,  6.668,   106
50.703,  2.533,   none, 3D,  5.557,  3.506,  6.586,   106
50.811,  2.094,   none, 3D,  5.550,  3.577,  6.505,   106
50.919,  1.722,   none, 3D,  5.544,  3.647,  6.424,   106
51.027,  1.421,   none, 3D,  5.537,  3.718,  6.342,   106
51.110,  1.186,   none, 3D,  5.531,  3.705,  6.261,   106
51.217,  0.948,   none, 3D,  5.524,  3.776,  6.180,   106
51.300,  0.704,   none, 3D,  5.518,  3.763,  6.098,   106
51.382,  0.462,   none, 3D,  5.511,  3.751,  6.017,   106
51.487,  0.223,   none, 3D,  5.576,  3.738,  5.936,   106
51.570, -0.021,   none, 3D,  5.569,  3.726,  5.855,   106
51.652, -0.258,   none, 3D,  5.563,  3.713,  5.773,   106
51.735, -0.486,   none, 3D,  5.556,  3.701,  5.692,   106
51.843, -0.712,   none, 3D,  5.550,  3.771,  5.611,   106
51.925, -0.923,   none, 3D,  5.543,  3.759,  5.529,   106
52.008, -1.115,   none, 3D,  5.536,  3.746,  5.448,   106
52.090, -1.285,   none, 3D,  5.530,  3.734,  5.367,   106
52.195, -1.433,   none, 3D,  0.439,  3.721,  5.285,   106
52.278, -1.557,   none, 3D,  0.433,  3.709,  5.204,   106
52.386, -1.655,   none, 3D,  0.426,  3.779,  5.123,   106
52.468, -1.728,   none, 3D,  0.420,  3.767,  5.041,   106
52.551, -1.772,   none, 3D,  0.413,  3.754,  4.960,   106
57.178,  3.882,  Li_i1, 3D,  4.793,  5.250,  0.651,    16
57.250,  3.937,   none, 3D,  4.864,  5.250,  0.651,    16
57.355,  4.041,   none, 3D,  4.929,  5.238,  0.569,    16
57.426,  4.203,   none, 3D,  5.001,  5.238,  0.569,    16
57.540,  4.441,   none, 3D,  5.079,  5.250,  0.651,    16
57.673,  4.789,   none, 3D,  5.157,  5.180,  0.732,    16
57.786,  5.205,   none, 3D,  0.080,  5.192,  0.813,    16
57.900,  5.640,   none, 3D,  0.158,  5.205,  0.894,    16
58.013,  6.040,   none, 3D,  0.237,  5.217,  0.976,    16
58.127,  6.353,   none, 3D,  0.315,  5.230,  1.057,    16
58.240,  6.533,   none, 3D,  0.393,  5.242,  1.138,    16
58.354,  6.551, saddle, 3D,  0.471,  5.255,  1.220,    16
58.467,  6.396,   none, 3D,  0.549,  5.268,  1.301,    16
58.581,  6.076,   none, 3D,  0.628,  5.280,  1.382,    16
58.694,  5.618,   none, 3D,  0.706,  5.293,  1.464,    16
58.808,  5.062,   none, 3D,  0.784,  5.305,  1.545,    16
58.921,  4.455,   none, 3D,  0.862,  5.318,  1.626,    16
59.035,  3.845,   none, 3D,  0.941,  5.330,  1.708,    16
59.149,  3.275,   none, 3D,  1.019,  5.343,  1.789,    16
59.297,  2.747,   none, 3D,  1.097,  5.438,  1.870,    16
59.445,  2.264,   none, 3D,  1.176,  5.534,  1.952,    16
59.593,  1.806,   none, 3D,  1.254,  5.629,  2.033,    16
59.741,  1.371,   none, 3D,  1.333,  5.725,  2.114,    16
59.889,  0.964,   none, 3D,  1.411,  5.821,  2.195,    16
59.998,  0.552,   none, 3D,  1.483,  5.904,  2.195,    16
60.146,  0.146,   none, 3D,  1.562,  5.999,  2.277,    16
60.256, -0.253,   none, 3D,  1.633,  6.082,  2.277,    16
60.404, -0.620,   none, 3D,  1.712,  6.178,  2.358,    16
60.514, -0.951,   none, 3D,  1.784,  6.261,  2.358,    16
60.662, -1.228,   none, 3D,  1.846,  0.376,  2.439,    16
60.772, -1.450,   none, 3D,  1.918,  0.459,  2.439,    16
60.882, -1.607,   none, 3D,  1.990,  0.542,  2.439,    16
60.991, -1.706,   none, 3D,  2.061,  0.625,  2.439,    16
61.101, -1.753,    Li1, 3D,  2.133,  0.708,  2.439,    62
61.184, -1.750,   none, 3D,  2.140,  0.720,  2.521,    62
61.297, -1.719,   none, 3D,  2.218,  0.733,  2.602,    62
61.380, -1.660,   none, 3D,  2.225,  0.745,  2.683,    62
61.462, -1.573,   none, 3D,  2.231,  0.758,  2.765,    62
61.545, -1.457,   none, 3D,  2.238,  0.770,  2.846,    62
61.628, -1.312,   none, 3D,  2.245,  0.783,  2.927,    62
61.735, -1.142,   none, 3D,  2.251,  0.712,  3.009,    62
61.818, -0.951,   none, 3D,  2.258,  0.725,  3.090,    62
61.900, -0.737,   none, 3D,  2.264,  0.737,  3.171,    62
61.983, -0.502,   none, 3D,  2.271,  0.750,  3.253,    62
62.066, -0.252,   none, 3D,  2.278,  0.762,  3.334,    62
62.170,  0.008,   none, 3D,  2.213,  0.775,  3.415,    62
62.253,  0.271,   none, 3D,  2.219,  0.787,  3.496,    62
62.361,  0.523,   none, 3D,  2.226,  0.717,  3.578,    62
62.443,  0.770,   none, 3D,  2.232,  0.729,  3.659,    62
62.526,  1.012,   none, 3D,  2.239,  0.742,  3.740,    62
62.608,  1.251,   none, 3D,  2.246,  0.754,  3.822,    62
62.691,  1.486,   none, 3D,  2.252,  0.767,  3.903,    62
62.773,  1.721,   none, 3D,  2.259,  0.779,  3.984,    62
62.856,  1.962,   none, 3D,  2.266,  0.792,  4.066,    62
62.964,  2.201,   none, 3D,  2.272,  0.721,  4.147,    62
63.077,  2.564,   none, 3D,  2.350,  0.734,  4.228,    62
63.191,  3.043,   none, 3D,  2.429,  0.746,  4.310,    62
63.304,  3.609,   none, 3D,  2.507,  0.759,  4.391,    62
63.418,  4.223,   none, 3D,  2.585,  0.772,  4.472,    62
63.531,  4.838,   none, 3D,  2.663,  0.784,  4.554,    62
63.664,  5.396,   none, 3D,  2.741,  0.713,  4.635,    62
63.778,  5.832,   none, 3D,  2.820,  0.726,  4.716,    62
63.891,  6.114,   none, 3D,  2.898,  0.739,  4.797,    62
64.005,  6.211, saddle, 3D,  2.976,  0.751,  4.879,    62
64.119,  6.114,   none, 3D,  3.054,  0.764,  4.960,    62
64.232,  5.832,   none, 3D,  3.133,  0.776,  5.041,    62
64.346,  5.396,   none, 3D,  3.211,  0.789,  5.123,    62
64.479,  4.838,   none, 3D,  3.305,  6.699,  5.204,    62
64.592,  4.223,   none, 3D,  3.383,  6.712,  5.285,    62
64.706,  3.609,   none, 3D,  3.461,  6.724,  5.367,    62
64.819,  3.043,   none, 3D,  3.540,  6.737,  5.448,    62
64.933,  2.564,   none, 3D,  3.618,  6.749,  5.529,    62
65.046,  2.201,   none, 3D,  3.696,  6.762,  5.611,    62
65.154,  1.962,   none, 3D,  3.702,  6.691,  5.692,    62
65.237,  1.721,   none, 3D,  3.709,  6.704,  5.773,    62
65.319,  1.486,   none, 3D,  3.716,  6.716,  5.855,    62
65.402,  1.251,   none, 3D,  3.722,  6.729,  5.936,    62
65.484,  1.012,   none, 3D,  3.729,  6.741,  6.017,    62
65.567,  0.770,   none, 3D,  3.736,  6.754,  6.098,    62
65.649,  0.523,   none, 3D,  3.742,  6.766,  6.180,    62
65.757,  0.271,   none, 3D,  3.749,  6.696,  6.261,    62
65.840,  0.008,   none, 3D,  3.755,  6.708,  6.342,    62
65.945, -0.252,   none, 3D,  3.690,  6.721,  6.424,    62
66.027, -0.502,   none, 3D,  3.697,  6.733,  6.505,    62
66.110, -0.737,   none, 3D,  3.704,  6.746,  6.586,    62
66.192, -0.951,   none, 3D,  3.710,  6.758,  6.668,    62
66.275, -1.142,   none, 3D,  3.717,  6.771,  6.749,    62
66.383, -1.312,   none, 3D,  3.723,  6.700,  6.830,    62
66.465, -1.457,   none, 3D,  3.730,  6.713,  6.912,    62
66.548, -1.573,   none, 3D,  3.737,  6.725,  6.993,    62
66.630, -1.660,   none, 3D,  3.743,  6.738,  7.074,    62
66.713, -1.719,   none, 3D,  3.750,  6.750,  7.156,    62
66.826, -1.750,   none, 3D,  3.828,  6.763,  7.237,    62
66.909, -1.753,    Li1, 3D,  3.835,  6.775,  7.318,   112
67.019, -1.706,   none, 3D,  3.907,  6.858,  7.318,   112
67.128, -1.607,   none, 3D,  3.978,  6.941,  7.318,   112
67.238, -1.450,   none, 3D,  4.050,  7.024,  7.318,   112
67.348, -1.228,   none, 3D,  4.106,  1.127,  7.318,   112
67.496, -0.951,   none, 3D,  4.185,  1.222,  7.399,   112
67.606, -0.620,   none, 3D,  4.256,  1.305,  7.399,   112
67.754, -0.253,   none, 3D,  4.335,  1.401,  7.481,   112
67.864,  0.146,   none, 3D,  4.407,  1.484,  7.481,   112
68.012,  0.552,   none, 3D,  4.485,  1.579,  7.562,   112
68.121,  0.964,   none, 3D,  4.557,  1.663,  7.562,   112
68.269,  1.371,   none, 3D,  4.635,  1.758,  7.643,   112
68.417,  1.806,   none, 3D,  4.714,  1.854,  7.725,   112
68.565,  2.264,   none, 3D,  4.792,  1.949,  7.806,   112
68.713,  2.747,   none, 3D,  4.871,  2.045,  7.887,   112
68.861,  3.275,   none, 3D,  4.949,  2.140,  7.969,   112
68.975,  3.845,   none, 3D,  5.027,  2.153,  8.050,   112
69.089,  4.455,   none, 3D,  5.106,  2.165,  8.131,   112
69.202,  5.062,   none, 3D,  5.184,  2.178,  8.213,   112
69.316,  5.618,   none, 3D,  5.262,  2.191,  8.294,   112
69.429,  6.076,   none, 3D,  5.340,  2.203,  8.375,   112
69.543,  6.396,   none, 3D,  5.419,  2.216,  8.457,   112
69.656,  6.551, saddle, 3D,  5.497,  2.228,  8.538,   112
69.770,  6.533,   none, 3D,  5.575,  2.241,  8.619,   112
69.883,  6.353,   none, 3D,  5.653,  2.253,  8.700,   112
69.997,  6.040,   none, 3D,  5.732,  2.266,  8.782,   112
70.110,  5.640,   none, 3D,  5.810,  2.278,  8.863,   112
70.224,  5.205,   none, 3D,  0.733,  2.291,  8.944,   112
70.337,  4.789,   none, 3D,  0.811,  2.303,  9.026,   112
70.470,  4.441,   none, 3D,  0.889,  2.233,  9.107,   112
70.584,  4.203,   none, 3D,  0.967,  2.245,  9.188,   112
70.656,  4.041,   none, 3D,  1.039,  2.245,  9.188,   112
70.760,  3.937,   none, 3D,  1.104,  2.233,  9.107,   112
73.743,  3.761,  Li_i2, 0D,  1.262,  5.236,  9.188,    26
73.868,  3.819,   none, 0D,  1.255,  5.140,  9.107,    26
73.994,  4.068,   none, 0D,  1.248,  5.044,  9.026,    26
74.135,  4.522,   none, 0D,  1.313,  4.949,  8.944,    26
74.277,  5.124,   none, 0D,  1.378,  4.853,  8.863,    26
74.418,  5.778,   none, 0D,  1.442,  4.758,  8.782,    26
74.559,  6.369,   none, 0D,  1.507,  4.662,  8.700,    26
74.700,  6.786,   none, 0D,  1.572,  4.567,  8.619,    26
74.841,  6.943, saddle, 0D,  1.637,  4.471,  8.538,    26
74.983,  6.807,   none, 0D,  1.701,  4.375,  8.457,    26
75.124,  6.405,   none, 0D,  1.766,  4.280,  8.375,    26
75.265,  5.818,   none, 0D,  1.831,  4.184,  8.294,    26
75.406,  5.158,   none, 0D,  1.895,  4.089,  8.213,    26
75.547,  4.543,   none, 0D,  1.960,  3.993,  8.131,    26
75.689,  4.073,   none, 0D,  2.025,  3.897,  8.050,    26
75.830,  3.820,   none, 0D,  2.090,  3.802,  7.969,    26
75.956,  3.793,  Li_i3, 0D,  2.083,  3.706,  7.887,    25
76.039,  3.880,   none, 0D,  2.083,  3.623,  7.887,    25
76.122,  4.062,   none, 0D,  2.082,  3.540,  7.887,    25
76.248,  4.328,   none, 0D,  2.017,  3.470,  7.969,    25
76.373,  4.752,   none, 0D,  1.952,  3.399,  8.050,    25
76.499,  5.276,   none, 0D,  1.887,  3.328,  8.131,    25
76.625,  5.830,   none, 0D,  1.822,  3.258,  8.213,    25
76.733,  6.337,   none, 0D,  1.828,  3.187,  8.294,    25
76.859,  6.725,   none, 0D,  1.763,  3.117,  8.375,    25
76.985,  6.945,   none, 0D,  1.698,  3.046,  8.457,    25
77.110,  6.970, saddle, 0D,  1.633,  2.976,  8.538,    25
77.236,  6.797,   none, 0D,  1.567,  2.905,  8.619,    25
77.362,  6.452,   none, 0D,  1.502,  2.835,  8.700,    25
77.488,  5.983,   none, 0D,  1.437,  2.764,  8.782,    25
77.614,  5.453,   none, 0D,  1.372,  2.693,  8.863,    25
77.740,  4.933,   none, 0D,  1.307,  2.623,  8.944,    25
77.866,  4.490,   none, 0D,  1.241,  2.552,  9.026,    25
77.973,  4.168,   none, 0D,  1.248,  2.482,  9.107,    25
78.083,  3.984,   none, 0D,  1.176,  2.399,  9.107,    25
78.166,  3.885,   none, 0D,  1.176,  2.316,  9.107,    25
78.249,  3.882,  Li_i1, 0D,  1.176,  2.233,  9.107,     3
78.332,  3.885,   none, 0D,  1.176,  2.316,  9.107,     3
78.458,  4.010,   none, 0D,  1.183,  2.411,  9.188,     3
78.584,  4.310,   none, 0D,  1.190,  2.507,  9.270,     3
78.725,  4.788,   none, 0D,  1.125,  2.602,  9.351,     3
78.866,  5.372,   none, 0D,  1.060,  2.698,  9.432,     3
79.007,  5.956,   none, 0D,  0.995,  2.794,  9.514,     3
79.149,  6.431,   none, 0D,  0.931,  2.889,  9.595,     3
79.290,  6.699,   none, 0D,  0.866,  2.985,  9.676,     3
79.431,  6.702, saddle, 0D,  0.004,  1.578,  0.000,     3
79.572,  6.439,   none, 0D,  5.095,  1.674,  0.081,     3
79.713,  5.961,   none, 0D,  5.030,  1.769,  0.163,     3
79.855,  5.362,   none, 0D,  4.965,  1.865,  0.244,     3
79.996,  4.750,   none, 0D,  4.900,  1.961,  0.325,     3
80.137,  4.230,   none, 0D,  4.836,  2.056,  0.407,     3
80.278,  3.882,   none, 0D,  4.771,  2.152,  0.488,     3
80.419,  3.761,  Li_i2, 0D,  4.706,  2.247,  0.569,     4
80.529,  3.784,   none, 0D,  4.778,  2.331,  0.569,     4
80.639,  3.891,   none, 0D,  4.707,  2.414,  0.569,     4
80.765,  4.082,   none, 0D,  4.772,  2.484,  0.488,     4
80.848,  4.340,   none, 0D,  4.772,  2.567,  0.488,     4
80.974,  4.721,   none, 0D,  4.837,  2.638,  0.407,     4
81.099,  5.165,   none, 0D,  4.902,  2.708,  0.325,     4
81.225,  5.604,   none, 0D,  4.968,  2.779,  0.244,     4
81.351,  5.975,   none, 0D,  5.033,  2.849,  0.163,     4
81.477,  6.222,   none, 0D,  5.098,  2.920,  0.081,     4
81.603,  6.309, saddle, 0D,  0.008,  2.991,  0.000,     4
81.729,  6.222,   none, 0D,  0.870,  4.563,  9.676,     4
81.855,  5.975,   none, 0D,  0.935,  4.634,  9.595,     4
81.980,  5.604,   none, 0D,  1.000,  4.704,  9.514,     4
82.106,  5.165,   none, 0D,  1.066,  4.775,  9.432,     4
82.232,  4.721,   none, 0D,  1.131,  4.845,  9.351,     4
82.358,  4.340,   none, 0D,  1.196,  4.916,  9.270,     4
82.441,  4.082,   none, 0D,  1.196,  4.999,  9.270,     4
82.567,  3.891,   none, 0D,  1.261,  5.070,  9.188,     4
82.676,  3.784,   none, 0D,  1.190,  5.153,  9.188,     4
