r_coor, energy,   site, dn,      x,      y,      z, index
12.121, -2.436,    Li1, 1D,  1.268, 11.972,  1.411,    48
12.256, -2.420,   none, 1D,  1.359, 12.071,  1.411,    48
12.356, -2.391,   none, 1D,  1.359, 12.171,  1.411,    48
12.490, -2.355,   none, 1D,  1.450, 12.271,  1.411,    48
12.625, -2.315,   none, 1D,  1.540, 12.371,  1.411,    48
12.760, -2.274,   none, 1D,  1.631, 12.470,  1.411,    48
12.860, -2.241,   none, 1D,  1.631, 12.570,  1.411,    48
12.994, -2.214,   none, 1D,  1.721, 12.670,  1.411,    48
13.129, -2.192,   none, 1D,  1.812, 12.770,  1.411,    48
13.245, -2.172,   none, 1D,  1.812, 12.869,  1.470,    48
13.392, -2.160,   none, 1D,  1.903, 12.969,  1.529,    48
13.539, -2.149,   none, 1D,  1.993, 13.069,  1.588,    48
13.686, -2.140,   none, 1D,  2.084, 13.169,  1.646,    48
13.802, -2.134,   none, 1D,  2.084, 13.268,  1.705,    48
13.949, -2.130,   none, 1D,  2.174, 13.368,  1.764,    48
14.008, -2.128,   none, 1D,  2.174, 13.368,  1.823,    48
14.066, -2.124, saddle, 1D,  2.174, 13.368,  1.882,    48
14.213, -2.127,   none, 1D,  2.265, 13.468,  1.940,    48
14.272, -2.130,   none, 1D,  2.265, 13.468,  1.999,    48
14.419, -2.132,   none, 1D,  2.356, 13.568,  2.058,    48
14.478, -2.141,   none, 1D,  2.356, 13.568,  2.117,    48
14.537, -2.149,   none, 1D,  2.356, 13.568,  2.176,    48
14.653, -2.164,   none, 1D,  2.356, 13.668,  2.235,    48
14.712, -2.178,   none, 1D,  2.356, 13.668,  2.293,    48
14.770, -2.190,   none, 1D,  2.356, 13.668,  2.352,    48
14.917, -2.206,   none, 1D,  2.446, 13.767,  2.411,    48
14.976, -2.221,   none, 1D,  2.446, 13.767,  2.470,    48
15.035, -2.233,   none, 1D,  2.446, 13.767,  2.529,    48
15.094, -2.243,   none, 1D,  2.446, 13.767,  2.587,    48
15.210, -2.253,   none, 1D,  2.446, 13.867,  2.646,    48
15.268, -2.261,   none, 1D,  2.446, 13.867,  2.705,    48
15.327, -2.266,   none, 1D,  2.446, 13.867,  2.764,    48
15.386, -2.268,  Li_i1, 1D,  2.446, 13.867,  0.000,    47
15.445, -2.266,   none, 1D,  2.446, 13.867,  0.059,    47
15.504, -2.261,   none, 1D,  2.446, 13.867,  0.118,    47
15.562, -2.253,   none, 1D,  2.446, 13.867,  0.176,    47
15.678, -2.243,   none, 1D,  2.446, 13.767,  0.235,    47
15.737, -2.233,   none, 1D,  2.446, 13.767,  0.294,    47
15.796, -2.221,   none, 1D,  2.446, 13.767,  0.353,    47
15.855, -2.206,   none, 1D,  2.446, 13.767,  0.412,    47
16.002, -2.190,   none, 1D,  2.356, 13.668,  0.470,    47
16.060, -2.178,   none, 1D,  2.356, 13.668,  0.529,    47
16.119, -2.164,   none, 1D,  2.356, 13.668,  0.588,    47
16.235, -2.149,   none, 1D,  2.356, 13.568,  0.647,    47
16.294, -2.141,   none, 1D,  2.356, 13.568,  0.706,    47
16.353, -2.132,   none, 1D,  2.356, 13.568,  0.764,    47
16.500, -2.130,   none, 1D,  2.265, 13.468,  0.823,    47
16.558, -2.127,   none, 1D,  2.265, 13.468,  0.882,    47
16.706, -2.124, saddle, 1D,  2.174, 13.368,  0.941,    47
16.764, -2.128,   none, 1D,  2.174, 13.368,  1.000,    47
16.823, -2.130,   none, 1D,  2.174, 13.368,  1.058,    47
16.970, -2.134,   none, 1D,  2.084, 13.268,  1.117,    47
17.086, -2.140,   none, 1D,  2.084, 13.169,  1.176,    47
17.233, -2.149,   none, 1D,  1.993, 13.069,  1.235,    47
17.380, -2.160,   none, 1D,  1.903, 12.969,  1.294,    47
17.527, -2.172,   none, 1D,  1.812, 12.869,  1.352,    47
17.643, -2.192,   none, 1D,  1.812, 12.770,  1.411,    47
17.778, -2.214,   none, 1D,  1.721, 12.670,  1.411,    47
17.912, -2.241,   none, 1D,  1.631, 12.570,  1.411,    47
18.012, -2.274,   none, 1D,  1.631, 12.470,  1.411,    47
18.147, -2.315,   none, 1D,  1.540, 12.371,  1.411,    47
18.282, -2.355,   none, 1D,  1.450, 12.271,  1.411,    47
18.416, -2.391,   none, 1D,  1.359, 12.171,  1.411,    47
18.516, -2.420,   none, 1D,  1.359, 12.071,  1.411,    47
31.129, -2.436,    Li1, 2D,  5.617,  0.000,  1.411,   126
31.187, -2.435,   none, 2D,  5.617,  0.000,  1.352,   126
31.246, -2.431,   none, 2D,  5.617,  0.000,  1.294,   126
31.305, -2.425,   none, 2D,  5.617,  0.000,  1.235,   126
31.452, -2.416,   none, 2D,  5.526,  0.100,  1.176,   126
31.511, -2.407,   none, 2D,  5.526,  0.100,  1.117,   126
31.570, -2.396,   none, 2D,  5.526,  0.100,  1.058,   126
31.628, -2.383,   none, 2D,  5.526,  0.100,  1.000,   126
31.687, -2.366,   none, 2D,  5.526,  0.100,  0.941,   126
31.795, -2.348,   none, 2D,  5.617,  0.100,  0.882,   126
31.854, -2.327,   none, 2D,  5.617,  0.100,  0.823,   126
32.001, -2.310,   none, 2D,  5.526,  0.200,  0.764,   126
32.060, -2.290,   none, 2D,  5.526,  0.200,  0.706,   126
32.119, -2.268,   none, 2D,  5.526,  0.200,  0.647,   126
32.177, -2.245,   none, 2D,  5.526,  0.200,  0.588,   126
32.236, -2.221,   none, 2D,  5.526,  0.200,  0.529,   126
32.295, -2.197,   none, 2D,  5.526,  0.200,  0.470,   126
32.354, -2.173,   none, 2D,  5.526,  0.200,  0.412,   126
32.413, -2.150,   none, 2D,  5.526,  0.200,  0.353,   126
32.471, -2.129,   none, 2D,  5.526,  0.200,  0.294,   126
32.587, -2.104,   none, 2D,  5.526,  0.299,  0.235,   126
32.734, -2.038,   none, 2D,  5.617,  0.399,  0.176,   126
32.850, -1.932,   none, 2D,  5.617,  0.499,  0.118,   126
32.966, -1.786,   none, 2D,  5.617,  0.599,  0.059,   126
33.113, -1.621,   none, 2D,  5.708,  0.698,  0.000,   126
33.213, -1.438,   none, 2D,  5.708,  0.798,  0.000,   126
33.312, -1.208,   none, 2D,  5.708,  0.898,  0.000,   126
33.412, -0.930,   none, 2D,  5.708,  0.998,  0.000,   126
33.512, -0.604,   none, 2D,  5.708,  1.097,  0.000,   126
33.612, -0.233,   none, 2D,  5.708,  1.197,  0.000,   126
33.712,  0.176,   none, 2D,  5.708,  1.297,  0.000,   126
33.811,  0.612,   none, 2D,  5.708,  1.397,  0.000,   126
33.911,  1.062,   none, 2D,  5.708,  1.496,  0.000,   126
34.011,  1.508,   none, 2D,  5.708,  1.596,  0.000,   126
34.146,  1.913,   none, 2D,  5.617,  1.696,  0.000,   126
34.245,  2.220,   none, 2D,  5.617,  1.796,  0.000,   126
34.345,  2.470,   none, 2D,  5.617,  1.895,  0.000,   126
34.445,  2.654,   none, 2D,  5.617,  1.995,  0.000,   126
34.580,  2.756,   none, 2D,  5.526,  2.095,  0.000,   126
34.679,  2.814,   none, 2D,  5.526,  2.195,  0.000,   126
34.814,  2.868,   none, 2D,  5.617,  2.295,  0.000,   126
34.914,  2.903,   none, 2D,  5.617,  2.394,  0.000,   126
35.049,  2.941, saddle, 2D,  5.708,  2.494,  0.000,   126
35.183,  2.905,   none, 2D,  5.798,  2.594,  0.000,   126
35.318,  2.752,   none, 2D,  5.889,  2.694,  0.000,   126
35.453,  2.482,   none, 2D,  5.979,  2.793,  0.000,   126
35.588,  2.131,   none, 2D,  6.070,  2.893,  0.000,   126
35.722,  1.767,   none, 2D,  6.161,  2.993,  0.000,   126
35.857,  1.488,   none, 2D,  6.251,  3.093,  0.000,   126
35.957,  1.232,   none, 2D,  6.251,  3.192,  0.000,   126
36.057,  1.090,   none, 2D,  6.251,  3.292,  0.000,   126
36.173,  1.033,   none, 2D,  6.251,  3.392,  0.059,   126
36.288,  1.006,   none, 2D,  6.251,  3.492,  0.118,   126
36.404,  0.958,   none, 2D,  6.251,  3.591,  0.176,   126
36.520,  0.849,   none, 2D,  6.251,  3.691,  0.235,   126
36.636,  0.656,   none, 2D,  6.251,  3.791,  0.294,   126
36.752,  0.373,   none, 2D,  6.251,  3.891,  0.353,   126
36.867,  0.016,   none, 2D,  6.251,  3.991,  0.412,   126
36.983, -0.391,   none, 2D,  6.251,  4.090,  0.470,   126
37.099, -0.814,   none, 2D,  6.251,  4.190,  0.529,   126
37.215, -1.222,   none, 2D,  6.251,  4.290,  0.588,   126
37.331, -1.591,   none, 2D,  6.251,  4.390,  0.647,   126
37.446, -1.903,   none, 2D,  6.251,  4.489,  0.706,   126
37.562, -2.152,   none, 2D,  6.251,  4.589,  0.764,   126
37.709, -2.344,   none, 2D,  6.161,  4.689,  0.823,   126
37.825, -2.474,   none, 2D,  6.161,  4.789,  0.882,   126
37.941, -2.549,   none, 2D,  6.161,  4.888,  0.941,   126
38.088, -2.579,   none, 2D,  6.070,  4.988,  1.000,   126
38.147, -2.596,   none, 2D,  6.070,  4.988,  1.058,   126
38.206, -2.610,   none, 2D,  6.070,  4.988,  1.117,   126
38.264, -2.622,   none, 2D,  6.070,  4.988,  1.176,   126
38.380, -2.631,   none, 2D,  6.070,  4.888,  1.235,   126
38.439, -2.640,   none, 2D,  6.070,  4.888,  1.294,   126
38.498, -2.644,   none, 2D,  6.070,  4.888,  1.352,   126
38.557, -2.646,    Li2, 2D,  6.070,  4.888,  1.411,    63
38.615, -2.644,   none, 2D,  6.070,  4.888,  1.352,    63
38.674, -2.640,   none, 2D,  6.070,  4.888,  1.294,    63
38.733, -2.631,   none, 2D,  6.070,  4.888,  1.235,    63
38.849, -2.622,   none, 2D,  6.070,  4.988,  1.176,    63
38.908, -2.610,   none, 2D,  6.070,  4.988,  1.117,    63
38.966, -2.596,   none, 2D,  6.070,  4.988,  1.058,    63
39.025, -2.579,   none, 2D,  6.070,  4.988,  1.000,    63
39.133, -2.561,   none, 2D,  6.161,  4.988,  0.941,    63
39.241, -2.535,   none, 2D,  6.070,  4.988,  0.882,    63
39.388, -2.468,   none, 2D,  5.979,  5.088,  0.823,    63
39.496, -2.366,   none, 2D,  5.889,  5.088,  0.764,    63
39.604, -2.212,   none, 2D,  5.798,  5.088,  0.706,    63
39.751, -2.024,   none, 2D,  5.708,  5.188,  0.647,    63
39.859, -1.809,   none, 2D,  5.617,  5.188,  0.588,    63
39.967, -1.549,   none, 2D,  5.526,  5.188,  0.529,    63
40.114, -1.285,   none, 2D,  5.436,  5.287,  0.470,    63
40.222, -1.046,   none, 2D,  5.345,  5.287,  0.412,    63
40.330, -0.798,   none, 2D,  5.255,  5.287,  0.353,    63
40.477, -0.570,   none, 2D,  5.164,  5.387,  0.294,    63
40.585, -0.444,   none, 2D,  5.074,  5.387,  0.235,    63
40.693, -0.324,   none, 2D,  4.983,  5.387,  0.176,    63
40.801, -0.202,   none, 2D,  4.892,  5.387,  0.118,    63
40.948, -0.158,   none, 2D,  4.802,  5.487,  0.059,    63
41.056, -0.070,   none, 2D,  4.711,  5.487,  0.000,    63
41.191,  0.106,   none, 2D,  4.621,  5.587,  0.000,    63
41.326,  0.397,   none, 2D,  4.530,  5.686,  0.000,    63
41.461,  0.738,   none, 2D,  4.439,  5.786,  0.000,    63
41.595,  1.079,   none, 2D,  4.349,  5.886,  0.000,    63
41.730,  1.381,   none, 2D,  4.258,  5.986,  0.000,    63
41.865,  1.616,   none, 2D,  4.168,  6.086,  0.000,    63
42.000,  1.778,   none, 2D,  4.077,  6.185,  0.000,    63
42.134,  1.886,   none, 2D,  3.986,  6.285,  0.000,    63
42.225,  1.988,   none, 2D,  3.896,  6.285,  0.000,    63
42.360,  2.045,   none, 2D,  3.805,  6.385,  0.000,    63
42.450,  2.099,   none, 2D,  3.715,  6.385,  0.000,    63
42.541,  2.126, saddle, 2D,  3.624,  6.385,  0.000,    63
42.632,  2.106,   none, 2D,  3.533,  6.385,  0.000,    63
42.722,  2.022,   none, 2D,  3.443,  6.385,  0.000,    63
42.857,  1.866,   none, 2D,  3.352,  6.485,  0.000,    63
42.948,  1.624,   none, 2D,  3.262,  6.485,  0.000,    63
43.038,  1.322,   none, 2D,  3.171,  6.485,  0.000,    63
43.129,  0.975,   none, 2D,  3.080,  6.485,  0.000,    63
43.219,  0.600,   none, 2D,  2.990,  6.485,  0.000,    63
43.310,  0.215,   none, 2D,  2.899,  6.485,  0.000,    63
43.401, -0.160,   none, 2D,  2.809,  6.485,  0.000,    63
43.491, -0.508,   none, 2D,  2.718,  6.485,  0.000,    63
43.626, -0.819,   none, 2D,  2.627,  6.584,  0.000,    63
43.717, -1.130,   none, 2D,  2.537,  6.584,  0.000,    63
43.807, -1.379,   none, 2D,  2.446,  6.584,  0.000,    63
43.942, -1.597,   none, 2D,  2.356,  6.684,  0.000,    63
44.050, -1.790,   none, 2D,  2.265,  6.684,  0.059,    63
44.197, -1.960,   none, 2D,  2.174,  6.784,  0.118,    63
44.305, -2.101,   none, 2D,  2.084,  6.784,  0.176,    63
44.452, -2.222,   none, 2D,  1.993,  6.884,  0.235,    63
44.560, -2.291,   none, 2D,  1.903,  6.884,  0.294,    63
44.619, -2.311,   none, 2D,  1.903,  6.884,  0.353,    63
44.727, -2.334,   none, 2D,  1.812,  6.884,  0.412,    63
44.786, -2.360,   none, 2D,  1.812,  6.884,  0.470,    63
44.844, -2.386,   none, 2D,  1.812,  6.884,  0.529,    63
44.960, -2.414,   none, 2D,  1.812,  6.983,  0.588,    63
45.019, -2.444,   none, 2D,  1.812,  6.983,  0.647,    63
45.078, -2.472,   none, 2D,  1.812,  6.983,  0.706,    63
45.137, -2.498,   none, 2D,  1.812,  6.983,  0.764,    63
45.195, -2.521,   none, 2D,  1.812,  6.983,  0.823,    63
45.254, -2.542,   none, 2D,  1.812,  6.983,  0.882,    63
45.313, -2.561,   none, 2D,  1.812,  6.983,  0.941,    63
45.421, -2.579,   none, 2D,  1.721,  6.983,  1.000,    63
45.480, -2.596,   none, 2D,  1.721,  6.983,  1.058,    63
45.539, -2.610,   none, 2D,  1.721,  6.983,  1.117,    63
45.597, -2.622,   none, 2D,  1.721,  6.983,  1.176,    63
45.713, -2.631,   none, 2D,  1.721,  7.083,  1.235,    63
45.772, -2.640,   none, 2D,  1.721,  7.083,  1.294,    63
45.831, -2.644,   none, 2D,  1.721,  7.083,  1.352,    63
45.890, -2.646,    Li2, 2D,  1.721,  7.083,  1.411,    39
45.948, -2.644,   none, 2D,  1.721,  7.083,  1.352,    39
46.007, -2.640,   none, 2D,  1.721,  7.083,  1.294,    39
46.066, -2.631,   none, 2D,  1.721,  7.083,  1.235,    39
46.182, -2.622,   none, 2D,  1.721,  6.983,  1.176,    39
46.241, -2.610,   none, 2D,  1.721,  6.983,  1.117,    39
46.299, -2.596,   none, 2D,  1.721,  6.983,  1.058,    39
46.358, -2.579,   none, 2D,  1.721,  6.983,  1.000,    39
46.505, -2.549,   none, 2D,  1.812,  7.083,  0.941,    39
46.621, -2.474,   none, 2D,  1.812,  7.183,  0.882,    39
46.737, -2.344,   none, 2D,  1.812,  7.283,  0.823,    39
46.884, -2.152,   none, 2D,  1.903,  7.382,  0.764,    39
47.000, -1.903,   none, 2D,  1.903,  7.482,  0.706,    39
47.116, -1.591,   none, 2D,  1.903,  7.582,  0.647,    39
47.231, -1.222,   none, 2D,  1.903,  7.682,  0.588,    39
47.347, -0.814,   none, 2D,  1.903,  7.782,  0.529,    39
47.463, -0.391,   none, 2D,  1.903,  7.881,  0.470,    39
47.579,  0.016,   none, 2D,  1.903,  7.981,  0.412,    39
47.695,  0.373,   none, 2D,  1.903,  8.081,  0.353,    39
47.810,  0.656,   none, 2D,  1.903,  8.181,  0.294,    39
47.926,  0.849,   none, 2D,  1.903,  8.280,  0.235,    39
48.042,  0.958,   none, 2D,  1.903,  8.380,  0.176,    39
48.158,  1.006,   none, 2D,  1.903,  8.480,  0.118,    39
48.274,  1.033,   none, 2D,  1.903,  8.580,  0.059,    39
48.389,  1.090,   none, 2D,  1.903,  8.679,  0.000,    39
48.489,  1.232,   none, 2D,  1.903,  8.779,  0.000,    39
48.589,  1.488,   none, 2D,  1.903,  8.879,  0.000,    39
48.724,  1.767,   none, 2D,  1.812,  8.979,  0.000,    39
48.858,  2.131,   none, 2D,  1.721,  9.078,  0.000,    39
48.993,  2.482,   none, 2D,  1.631,  9.178,  0.000,    39
49.128,  2.752,   none, 2D,  1.540,  9.278,  0.000,    39
49.263,  2.905,   none, 2D,  1.450,  9.378,  0.000,    39
49.398,  2.941, saddle, 2D,  1.359,  9.477,  0.000,    39
49.532,  2.903,   none, 2D,  1.268,  9.577,  0.000,    39
49.632,  2.868,   none, 2D,  1.268,  9.677,  0.000,    39
49.767,  2.814,   none, 2D,  1.178,  9.777,  0.000,    39
49.867,  2.756,   none, 2D,  1.178,  9.877,  0.000,    39
50.001,  2.654,   none, 2D,  1.268,  9.976,  0.000,    39
50.101,  2.470,   none, 2D,  1.268, 10.076,  0.000,    39
50.201,  2.220,   none, 2D,  1.268, 10.176,  0.000,    39
50.301,  1.913,   none, 2D,  1.268, 10.276,  0.000,    39
50.435,  1.508,   none, 2D,  1.359, 10.375,  0.000,    39
50.535,  1.062,   none, 2D,  1.359, 10.475,  0.000,    39
50.635,  0.612,   none, 2D,  1.359, 10.575,  0.000,    39
50.735,  0.176,   none, 2D,  1.359, 10.675,  0.000,    39
50.834, -0.233,   none, 2D,  1.359, 10.774,  0.000,    39
50.934, -0.604,   none, 2D,  1.359, 10.874,  0.000,    39
51.034, -0.930,   none, 2D,  1.359, 10.974,  0.000,    39
51.134, -1.208,   none, 2D,  1.359, 11.074,  0.000,    39
51.233, -1.438,   none, 2D,  1.359, 11.173,  0.000,    39
51.333, -1.621,   none, 2D,  1.359, 11.273,  0.000,    39
51.480, -1.786,   none, 2D,  1.268, 11.373,  0.059,    39
51.596, -1.932,   none, 2D,  1.268, 11.473,  0.118,    39
51.712, -2.038,   none, 2D,  1.268, 11.573,  0.176,    39
51.859, -2.104,   none, 2D,  1.178, 11.672,  0.235,    39
51.975, -2.129,   none, 2D,  1.178, 11.772,  0.294,    39
52.034, -2.150,   none, 2D,  1.178, 11.772,  0.353,    39
52.092, -2.173,   none, 2D,  1.178, 11.772,  0.412,    39
52.151, -2.197,   none, 2D,  1.178, 11.772,  0.470,    39
52.210, -2.221,   none, 2D,  1.178, 11.772,  0.529,    39
52.269, -2.245,   none, 2D,  1.178, 11.772,  0.588,    39
52.328, -2.268,   none, 2D,  1.178, 11.772,  0.647,    39
52.386, -2.290,   none, 2D,  1.178, 11.772,  0.706,    39
52.445, -2.310,   none, 2D,  1.178, 11.772,  0.764,    39
52.592, -2.327,   none, 2D,  1.268, 11.872,  0.823,    39
52.651, -2.348,   none, 2D,  1.268, 11.872,  0.882,    39
52.759, -2.366,   none, 2D,  1.178, 11.872,  0.941,    39
52.818, -2.383,   none, 2D,  1.178, 11.872,  1.000,    39
52.877, -2.396,   none, 2D,  1.178, 11.872,  1.058,    39
52.935, -2.407,   none, 2D,  1.178, 11.872,  1.117,    39
52.994, -2.416,   none, 2D,  1.178, 11.872,  1.176,    39
53.141, -2.425,   none, 2D,  1.268, 11.972,  1.235,    39
53.200, -2.431,   none, 2D,  1.268, 11.972,  1.294,    39
53.259, -2.435,   none, 2D,  1.268, 11.972,  1.352,    39
53.318, -2.436,    Li1, 2D,  1.268, 11.972,  1.411,     3
53.408, -2.433,   none, 2D,  1.178, 11.972,  1.411,     3
53.543, -2.424,   none, 2D,  1.087, 11.872,  1.411,     3
53.634, -2.409,   none, 2D,  0.997, 11.872,  1.411,     3
53.724, -2.388,   none, 2D,  0.906, 11.872,  1.411,     3
53.815, -2.361,   none, 2D,  0.815, 11.872,  1.411,     3
53.905, -2.330,   none, 2D,  0.725, 11.872,  1.411,     3
53.996, -2.295,   none, 2D,  0.634, 11.872,  1.411,     3
54.087, -2.258,   none, 2D,  0.544, 11.872,  1.411,     3
54.177, -2.220,   none, 2D,  0.453, 11.872,  1.411,     3
54.268, -2.183,   none, 2D,  0.362, 11.872,  1.411,     3
54.403, -2.154,   none, 2D,  0.272, 11.972,  1.411,     3
54.493, -2.136,   none, 2D,  0.181, 11.972,  1.411,     3
54.584, -2.124,   none, 2D,  0.091, 11.972,  1.411,     3
54.674, -2.120, saddle, 2D,  0.000, 11.972,  1.411,     3
54.765, -2.124,   none, 2D,  8.607, 11.972,  1.411,     3
54.856, -2.136,   none, 2D,  8.516, 11.972,  1.411,     3
54.946, -2.154,   none, 2D,  8.426, 11.972,  1.411,     3
55.081, -2.183,   none, 2D,  8.335, 12.071,  1.411,     3
55.171, -2.220,   none, 2D,  8.244, 12.071,  1.411,     3
55.262, -2.258,   none, 2D,  8.154, 12.071,  1.411,     3
55.353, -2.295,   none, 2D,  8.063, 12.071,  1.411,     3
55.443, -2.330,   none, 2D,  7.973, 12.071,  1.411,     3
55.534, -2.361,   none, 2D,  7.882, 12.071,  1.411,     3
55.624, -2.388,   none, 2D,  7.791, 12.071,  1.411,     3
55.715, -2.409,   none, 2D,  7.701, 12.071,  1.411,     3
55.806, -2.424,   none, 2D,  7.610, 12.071,  1.411,     3
55.940, -2.433,   none, 2D,  7.520, 11.972,  1.411,     3
56.031, -2.436,    Li1, 2D,  7.429, 11.972,  1.411,   141
56.090, -2.435,   none, 2D,  7.429, 11.972,  1.352,   141
56.149, -2.431,   none, 2D,  7.429, 11.972,  1.294,   141
56.207, -2.425,   none, 2D,  7.429, 11.972,  1.235,   141
56.354, -2.416,   none, 2D,  7.520, 12.071,  1.176,   141
56.413, -2.407,   none, 2D,  7.520, 12.071,  1.117,   141
56.472, -2.396,   none, 2D,  7.520, 12.071,  1.058,   141
56.531, -2.383,   none, 2D,  7.520, 12.071,  1.000,   141
56.590, -2.366,   none, 2D,  7.520, 12.071,  0.941,   141
56.698, -2.348,   none, 2D,  7.429, 12.071,  0.882,   141
56.756, -2.327,   none, 2D,  7.429, 12.071,  0.823,   141
56.904, -2.310,   none, 2D,  7.520, 12.171,  0.764,   141
56.962, -2.290,   none, 2D,  7.520, 12.171,  0.706,   141
57.021, -2.268,   none, 2D,  7.520, 12.171,  0.647,   141
57.080, -2.245,   none, 2D,  7.520, 12.171,  0.588,   141
57.139, -2.221,   none, 2D,  7.520, 12.171,  0.529,   141
57.198, -2.197,   none, 2D,  7.520, 12.171,  0.470,   141
57.256, -2.173,   none, 2D,  7.520, 12.171,  0.412,   141
57.315, -2.150,   none, 2D,  7.520, 12.171,  0.353,   141
57.374, -2.129,   none, 2D,  7.520, 12.171,  0.294,   141
57.490, -2.104,   none, 2D,  7.520, 12.271,  0.235,   141
57.637, -2.038,   none, 2D,  7.429, 12.371,  0.176,   141
57.753, -1.932,   none, 2D,  7.429, 12.470,  0.118,   141
57.868, -1.786,   none, 2D,  7.429, 12.570,  0.059,   141
58.015, -1.621,   none, 2D,  7.338, 12.670,  0.000,   141
58.115, -1.438,   none, 2D,  7.338, 12.770,  0.000,   141
58.215, -1.208,   none, 2D,  7.338, 12.869,  0.000,   141
58.315, -0.930,   none, 2D,  7.338, 12.969,  0.000,   141
58.414, -0.604,   none, 2D,  7.338, 13.069,  0.000,   141
58.514, -0.233,   none, 2D,  7.338, 13.169,  0.000,   141
58.614,  0.176,   none, 2D,  7.338, 13.268,  0.000,   141
58.714,  0.612,   none, 2D,  7.338, 13.368,  0.000,   141
58.814,  1.062,   none, 2D,  7.338, 13.468,  0.000,   141
58.913,  1.508,   none, 2D,  7.338, 13.568,  0.000,   141
59.048,  1.913,   none, 2D,  7.429, 13.668,  0.000,   141
59.148,  2.220,   none, 2D,  7.429, 13.767,  0.000,   141
59.248,  2.470,   none, 2D,  7.429, 13.867,  0.000,   141
59.347,  2.654,   none, 2D,  7.429, 13.967,  0.000,   141
59.482,  2.756,   none, 2D,  7.520, 14.067,  0.000,   141
59.582,  2.814,   none, 2D,  7.520, 14.166,  0.000,   141
59.717,  2.868,   none, 2D,  7.429, 14.266,  0.000,   141
59.816,  2.903,   none, 2D,  7.429, 14.366,  0.000,   141
59.951,  2.941, saddle, 2D,  7.338, 14.466,  0.000,   141
60.086,  2.905,   none, 2D,  7.248, 14.565,  0.000,   141
60.221,  2.752,   none, 2D,  7.157, 14.665,  0.000,   141
60.355,  2.482,   none, 2D,  7.067, 14.765,  0.000,   141
60.490,  2.131,   none, 2D,  6.976, 14.865,  0.000,   141
60.625,  1.767,   none, 2D,  6.885, 14.964,  0.000,   141
60.760,  1.488,   none, 2D,  6.795, 15.064,  0.000,   141
60.859,  1.232,   none, 2D,  6.795, 15.164,  0.000,   141
60.959,  1.090,   none, 2D,  6.795, 15.264,  0.000,   141
61.075,  1.033,   none, 2D,  6.795, 15.364,  0.059,   141
61.191,  1.006,   none, 2D,  6.795, 15.463,  0.118,   141
61.307,  0.958,   none, 2D,  6.795, 15.563,  0.176,   141
61.422,  0.849,   none, 2D,  6.795, 15.663,  0.235,   141
61.538,  0.656,   none, 2D,  6.795, 15.763,  0.294,   141
61.654,  0.373,   none, 2D,  6.795, 15.862,  0.353,   141
61.770,  0.016,   none, 2D,  6.795, 15.962,  0.412,   141
61.886, -0.391,   none, 2D,  6.795, 16.062,  0.470,   141
62.001, -0.814,   none, 2D,  6.795, 16.162,  0.529,   141
62.117, -1.222,   none, 2D,  6.795, 16.261,  0.588,   141
62.233, -1.591,   none, 2D,  6.795, 16.361,  0.647,   141
62.349, -1.903,   none, 2D,  6.795, 16.461,  0.706,   141
62.465, -2.152,   none, 2D,  6.795, 16.561,  0.764,   141
62.612, -2.344,   none, 2D,  6.885, 16.660,  0.823,   141
62.728, -2.474,   none, 2D,  6.885, 16.760,  0.882,   141
62.843, -2.549,   none, 2D,  6.885, 16.860,  0.941,   141
62.990, -2.579,   none, 2D,  6.976, 16.960,  1.000,   141
63.049, -2.596,   none, 2D,  6.976, 16.960,  1.058,   141
63.108, -2.610,   none, 2D,  6.976, 16.960,  1.117,   141
63.167, -2.622,   none, 2D,  6.976, 16.960,  1.176,   141
63.283, -2.631,   none, 2D,  6.976, 16.860,  1.235,   141
63.341, -2.640,   none, 2D,  6.976, 16.860,  1.294,   141
63.400, -2.644,   none, 2D,  6.976, 16.860,  1.352,   141
63.459, -2.646,    Li2, 2D,  6.976, 16.860,  1.411,    28
63.518, -2.644,   none, 2D,  6.976, 16.860,  1.352,    28
63.577, -2.640,   none, 2D,  6.976, 16.860,  1.294,    28
63.635, -2.631,   none, 2D,  6.976, 16.860,  1.235,    28
63.751, -2.622,   none, 2D,  6.976, 16.960,  1.176,    28
63.810, -2.610,   none, 2D,  6.976, 16.960,  1.117,    28
63.869, -2.596,   none, 2D,  6.976, 16.960,  1.058,    28
63.928, -2.579,   none, 2D,  6.976, 16.960,  1.000,    28
64.036, -2.561,   none, 2D,  6.885, 16.960,  0.941,    28
64.144, -2.535,   none, 2D,  6.976, 16.960,  0.882,    28
64.291, -2.468,   none, 2D,  7.067, 17.059,  0.823,    28
64.399, -2.366,   none, 2D,  7.157, 17.059,  0.764,    28
64.507, -2.212,   none, 2D,  7.248, 17.059,  0.706,    28
64.654, -2.024,   none, 2D,  7.338, 17.159,  0.647,    28
64.762, -1.809,   none, 2D,  7.429, 17.159,  0.588,    28
64.870, -1.549,   none, 2D,  7.520, 17.159,  0.529,    28
65.017, -1.285,   none, 2D,  7.610, 17.259,  0.470,    28
65.125, -1.046,   none, 2D,  7.701, 17.259,  0.412,    28
65.233, -0.798,   none, 2D,  7.791, 17.259,  0.353,    28
65.380, -0.570,   none, 2D,  7.882, 17.359,  0.294,    28
65.488, -0.444,   none, 2D,  7.973, 17.359,  0.235,    28
65.596, -0.324,   none, 2D,  8.063, 17.359,  0.176,    28
65.704, -0.202,   none, 2D,  8.154, 17.359,  0.118,    28
65.851, -0.158,   none, 2D,  8.244, 17.459,  0.059,    28
65.959, -0.070,   none, 2D,  8.335, 17.459,  0.000,    28
66.094,  0.106,   none, 2D,  8.426, 17.558,  0.000,    28
66.228,  0.397,   none, 2D,  8.516, 17.658,  0.000,    28
66.363,  0.738,   none, 2D,  8.607, 17.758,  0.000,    28
66.498,  1.079,   none, 2D,  0.000, 17.858,  0.000,    28
66.633,  1.381,   none, 2D,  0.091, 17.957,  0.000,    28
66.767,  1.616,   none, 2D,  0.181, 18.057,  0.000,    28
66.902,  1.778,   none, 2D,  0.272, 18.157,  0.000,    28
67.037,  1.886,   none, 2D,  0.362, 18.257,  0.000,    28
67.128,  1.988,   none, 2D,  0.453, 18.257,  0.000,    28
67.262,  2.045,   none, 2D,  0.544, 18.356,  0.000,    28
67.353,  2.099,   none, 2D,  0.634, 18.356,  0.000,    28
67.444,  2.126, saddle, 2D,  0.725, 18.356,  0.000,    28
67.534,  2.106,   none, 2D,  0.815, 18.356,  0.000,    28
67.625,  2.022,   none, 2D,  0.906, 18.356,  0.000,    28
67.759,  1.866,   none, 2D,  0.997, 18.456,  0.000,    28
67.850,  1.624,   none, 2D,  1.087, 18.456,  0.000,    28
67.941,  1.322,   none, 2D,  1.178, 18.456,  0.000,    28
68.031,  0.975,   none, 2D,  1.268, 18.456,  0.000,    28
68.122,  0.600,   none, 2D,  1.359, 18.456,  0.000,    28
68.212,  0.215,   none, 2D,  1.450, 18.456,  0.000,    28
68.303, -0.160,   none, 2D,  1.540, 18.456,  0.000,    28
68.394, -0.508,   none, 2D,  1.631, 18.456,  0.000,    28
68.528, -0.819,   none, 2D,  1.721, 18.556,  0.000,    28
68.619, -1.130,   none, 2D,  1.812, 18.556,  0.000,    28
68.710, -1.379,   none, 2D,  1.903, 18.556,  0.000,    28
68.844, -1.597,   none, 2D,  1.993, 18.656,  0.000,    28
68.952, -1.790,   none, 2D,  2.084, 18.656,  0.059,    28
69.099, -1.960,   none, 2D,  2.174, 18.755,  0.118,    28
69.207, -2.101,   none, 2D,  2.265, 18.755,  0.176,    28
69.354, -2.222,   none, 2D,  2.356, 18.855,  0.235,    28
69.462, -2.291,   none, 2D,  2.446, 18.855,  0.294,    28
69.521, -2.311,   none, 2D,  2.446, 18.855,  0.353,    28
69.629, -2.334,   none, 2D,  2.537, 18.855,  0.412,    28
69.688, -2.360,   none, 2D,  2.537, 18.855,  0.470,    28
69.747, -2.386,   none, 2D,  2.537, 18.855,  0.529,    28
69.863, -2.414,   none, 2D,  2.537, 18.955,  0.588,    28
69.921, -2.444,   none, 2D,  2.537, 18.955,  0.647,    28
69.980, -2.472,   none, 2D,  2.537, 18.955,  0.706,    28
70.039, -2.498,   none, 2D,  2.537, 18.955,  0.764,    28
70.098, -2.521,   none, 2D,  2.537, 18.955,  0.823,    28
70.157, -2.542,   none, 2D,  2.537, 18.955,  0.882,    28
70.216, -2.561,   none, 2D,  2.537, 18.955,  0.941,    28
70.324, -2.579,   none, 2D,  2.627, 18.955,  1.000,    28
70.382, -2.596,   none, 2D,  2.627, 18.955,  1.058,    28
70.441, -2.610,   none, 2D,  2.627, 18.955,  1.117,    28
70.500, -2.622,   none, 2D,  2.627, 18.955,  1.176,    28
70.616, -2.631,   none, 2D,  2.627, 19.055,  1.235,    28
70.675, -2.640,   none, 2D,  2.627, 19.055,  1.294,    28
70.733, -2.644,   none, 2D,  2.627, 19.055,  1.352,    28
70.792, -2.646,    Li2, 2D,  2.627, 19.055,  1.411,    52
70.851, -2.644,   none, 2D,  2.627, 19.055,  1.352,    52
70.910, -2.640,   none, 2D,  2.627, 19.055,  1.294,    52
70.969, -2.631,   none, 2D,  2.627, 19.055,  1.235,    52
71.084, -2.622,   none, 2D,  2.627, 18.955,  1.176,    52
71.143, -2.610,   none, 2D,  2.627, 18.955,  1.117,    52
71.202, -2.596,   none, 2D,  2.627, 18.955,  1.058,    52
71.261, -2.579,   none, 2D,  2.627, 18.955,  1.000,    52
71.408, -2.549,   none, 2D,  2.537, 19.055,  0.941,    52
71.524, -2.474,   none, 2D,  2.537, 19.155,  0.882,    52
71.639, -2.344,   none, 2D,  2.537, 19.254,  0.823,    52
71.786, -2.152,   none, 2D,  2.446, 19.354,  0.764,    52
71.902, -1.903,   none, 2D,  2.446, 19.454,  0.706,    52
72.018, -1.591,   none, 2D,  2.446, 19.554,  0.647,    52
72.134, -1.222,   none, 2D,  2.446, 19.653,  0.588,    52
72.250, -0.814,   none, 2D,  2.446, 19.753,  0.529,    52
72.365, -0.391,   none, 2D,  2.446, 19.853,  0.470,    52
72.481,  0.016,   none, 2D,  2.446, 19.953,  0.412,    52
72.597,  0.373,   none, 2D,  2.446, 20.052,  0.353,    52
72.713,  0.656,   none, 2D,  2.446, 20.152,  0.294,    52
72.829,  0.849,   none, 2D,  2.446, 20.252,  0.235,    52
72.944,  0.958,   none, 2D,  2.446, 20.352,  0.176,    52
73.060,  1.006,   none, 2D,  2.446, 20.451,  0.118,    52
73.176,  1.033,   none, 2D,  2.446, 20.551,  0.059,    52
73.292,  1.090,   none, 2D,  2.446, 20.651,  0.000,    52
73.392,  1.232,   none, 2D,  2.446, 20.751,  0.000,    52
73.491,  1.488,   none, 2D,  2.446, 20.850,  0.000,    52
73.626,  1.767,   none, 2D,  2.537, 20.950,  0.000,    52
73.761,  2.131,   none, 2D,  2.627, 21.050,  0.000,    52
73.896,  2.482,   none, 2D,  2.718, 21.150,  0.000,    52
74.030,  2.752,   none, 2D,  2.809, 21.250,  0.000,    52
74.165,  2.905,   none, 2D,  2.899, 21.349,  0.000,    52
74.300,  2.941, saddle, 2D,  2.990, 21.449,  0.000,    52
74.435,  2.903,   none, 2D,  3.080, 21.549,  0.000,    52
74.534,  2.868,   none, 2D,  3.080, 21.649,  0.000,    52
74.669,  2.814,   none, 2D,  3.171, 21.748,  0.000,    52
74.769,  2.756,   none, 2D,  3.171, 21.848,  0.000,    52
74.904,  2.654,   none, 2D,  3.080, 21.948,  0.000,    52
75.004,  2.470,   none, 2D,  3.080, 22.048,  0.000,    52
75.103,  2.220,   none, 2D,  3.080, 22.147,  0.000,    52
75.203,  1.913,   none, 2D,  3.080, 22.247,  0.000,    52
75.338,  1.508,   none, 2D,  2.990, 22.347,  0.000,    52
75.438,  1.062,   none, 2D,  2.990, 22.447,  0.000,    52
75.537,  0.612,   none, 2D,  2.990, 22.546,  0.000,    52
75.637,  0.176,   none, 2D,  2.990, 22.646,  0.000,    52
75.737, -0.233,   none, 2D,  2.990, 22.746,  0.000,    52
75.837, -0.604,   none, 2D,  2.990, 22.846,  0.000,    52
75.936, -0.930,   none, 2D,  2.990, 22.946,  0.000,    52
76.036, -1.208,   none, 2D,  2.990, 23.045,  0.000,    52
76.136, -1.438,   none, 2D,  2.990, 23.145,  0.000,    52
76.236, -1.621,   none, 2D,  2.990, 23.245,  0.000,    52
76.383, -1.786,   none, 2D,  3.080, 23.345,  0.059,    52
76.499, -1.932,   none, 2D,  3.080, 23.444,  0.118,    52
76.614, -2.038,   none, 2D,  3.080, 23.544,  0.176,    52
76.761, -2.104,   none, 2D,  3.171, 23.644,  0.235,    52
76.877, -2.129,   none, 2D,  3.171, 23.744,  0.294,    52
76.936, -2.150,   none, 2D,  3.171, 23.744,  0.353,    52
76.995, -2.173,   none, 2D,  3.171, 23.744,  0.412,    52
77.054, -2.197,   none, 2D,  3.171, 23.744,  0.470,    52
77.112, -2.221,   none, 2D,  3.171, 23.744,  0.529,    52
77.171, -2.245,   none, 2D,  3.171, 23.744,  0.588,    52
77.230, -2.268,   none, 2D,  3.171, 23.744,  0.647,    52
77.289, -2.290,   none, 2D,  3.171, 23.744,  0.706,    52
77.348, -2.310,   none, 2D,  3.171, 23.744,  0.764,    52
77.495, -2.327,   none, 2D,  3.080, 23.843,  0.823,    52
77.553, -2.348,   none, 2D,  3.080, 23.843,  0.882,    52
77.661, -2.366,   none, 2D,  3.171, 23.843,  0.941,    52
77.720, -2.383,   none, 2D,  3.171, 23.843,  1.000,    52
77.779, -2.396,   none, 2D,  3.171, 23.843,  1.058,    52
77.838, -2.407,   none, 2D,  3.171, 23.843,  1.117,    52
77.897, -2.416,   none, 2D,  3.171, 23.843,  1.176,    52
78.044, -2.425,   none, 2D,  3.080,  0.000,  1.235,    52
78.102, -2.431,   none, 2D,  3.080,  0.000,  1.294,    52
78.161, -2.435,   none, 2D,  3.080,  0.000,  1.352,    52
78.220, -2.436,    Li1, 2D,  3.080,  0.000,  1.411,    88
78.311, -2.433,   none, 2D,  3.171,  0.000,  1.411,    88
78.445, -2.424,   none, 2D,  3.262, 23.843,  1.411,    88
78.536, -2.409,   none, 2D,  3.352, 23.843,  1.411,    88
78.627, -2.388,   none, 2D,  3.443, 23.843,  1.411,    88
78.717, -2.361,   none, 2D,  3.533, 23.843,  1.411,    88
78.808, -2.330,   none, 2D,  3.624, 23.843,  1.411,    88
78.898, -2.295,   none, 2D,  3.715, 23.843,  1.411,    88
78.989, -2.258,   none, 2D,  3.805, 23.843,  1.411,    88
79.080, -2.220,   none, 2D,  3.896, 23.843,  1.411,    88
79.170, -2.183,   none, 2D,  3.986, 23.843,  1.411,    88
79.305, -2.154,   none, 2D,  4.077,  0.000,  1.411,    88
79.396, -2.136,   none, 2D,  4.168,  0.000,  1.411,    88
79.486, -2.124,   none, 2D,  4.258,  0.000,  1.411,    88
79.577, -2.120, saddle, 2D,  4.349,  0.000,  1.411,    88
79.667, -2.124,   none, 2D,  4.439,  0.000,  1.411,    88
79.758, -2.136,   none, 2D,  4.530,  0.000,  1.411,    88
79.849, -2.154,   none, 2D,  4.621,  0.000,  1.411,    88
79.983, -2.183,   none, 2D,  4.711,  0.100,  1.411,    88
80.074, -2.220,   none, 2D,  4.802,  0.100,  1.411,    88
80.165, -2.258,   none, 2D,  4.892,  0.100,  1.411,    88
80.255, -2.295,   none, 2D,  4.983,  0.100,  1.411,    88
80.346, -2.330,   none, 2D,  5.074,  0.100,  1.411,    88
80.436, -2.361,   none, 2D,  5.164,  0.100,  1.411,    88
80.527, -2.388,   none, 2D,  5.255,  0.100,  1.411,    88
80.618, -2.409,   none, 2D,  5.345,  0.100,  1.411,    88
80.708, -2.424,   none, 2D,  5.436,  0.100,  1.411,    88
80.843, -2.433,   none, 2D,  5.526,  0.000,  1.411,    88
91.043, -2.268,  Li_i1, 3D,  6.251, 10.076,  0.000,   128
91.102, -2.266,   none, 3D,  6.251, 10.076,  2.764,   128
91.161, -2.261,   none, 3D,  6.251, 10.076,  2.705,   128
91.220, -2.253,   none, 3D,  6.251, 10.076,  2.646,   128
91.367, -2.226,   none, 3D,  6.161,  9.976,  2.587,   128
91.514, -2.166,   none, 3D,  6.070,  9.877,  2.529,   128
91.629, -2.079,   none, 3D,  6.070,  9.777,  2.470,   128
91.776, -1.963,   none, 3D,  5.979,  9.677,  2.411,   128
91.923, -1.813,   none, 3D,  5.889,  9.577,  2.352,   128
92.039, -1.640,   none, 3D,  5.889,  9.477,  2.293,   128
92.186, -1.453,   none, 3D,  5.798,  9.378,  2.235,   128
92.333, -1.241,   none, 3D,  5.708,  9.278,  2.176,   128
92.449, -1.031,   none, 3D,  5.708,  9.178,  2.117,   128
92.596, -0.811,   none, 3D,  5.617,  9.078,  2.058,   128
92.712, -0.572,   none, 3D,  5.617,  8.979,  1.999,   128
92.859, -0.304,   none, 3D,  5.526,  8.879,  1.940,   128
92.975, -0.001,   none, 3D,  5.526,  8.779,  1.882,   128
93.091,  0.370,   none, 3D,  5.526,  8.679,  1.823,   128
93.206,  0.806,   none, 3D,  5.526,  8.580,  1.764,   128
93.322,  1.303,   none, 3D,  5.526,  8.480,  1.705,   128
93.469,  1.822,   none, 3D,  5.617,  8.380,  1.646,   128
93.585,  2.315,   none, 3D,  5.617,  8.280,  1.588,   128
93.732,  2.797,   none, 3D,  5.708,  8.181,  1.529,   128
93.848,  3.154,   none, 3D,  5.708,  8.081,  1.470,   128
93.995,  3.454,   none, 3D,  5.798,  7.981,  1.411,   128
94.095,  3.667,   none, 3D,  5.798,  7.881,  1.411,   128
94.229,  3.778,   none, 3D,  5.889,  7.782,  1.411,   128
94.364,  3.839, saddle, 3D,  5.979,  7.682,  1.411,   128
94.499,  3.833,   none, 3D,  6.070,  7.582,  1.411,   128
94.599,  3.746,   none, 3D,  6.070,  7.482,  1.411,   128
94.733,  3.591,   none, 3D,  6.161,  7.382,  1.411,   128
94.868,  3.410,   none, 3D,  6.251,  7.283,  1.411,   128
95.003,  3.264,   none, 3D,  6.342,  7.183,  1.411,   128
95.103,  3.136,   none, 3D,  6.342,  7.083,  1.411,   128
95.203,  3.041,   none, 3D,  6.342,  6.983,  1.411,   128
95.302,  2.942,   none, 3D,  6.342,  6.884,  1.411,   128
95.402,  2.811,   none, 3D,  6.342,  6.784,  1.411,   128
95.537,  2.560,   none, 3D,  6.251,  6.684,  1.411,   128
95.637,  2.241,   none, 3D,  6.251,  6.584,  1.411,   128
95.736,  1.864,   none, 3D,  6.251,  6.485,  1.411,   128
95.871,  1.373,   none, 3D,  6.161,  6.385,  1.411,   128
95.971,  0.857,   none, 3D,  6.161,  6.285,  1.411,   128
96.106,  0.330,   none, 3D,  6.070,  6.185,  1.411,   128
96.205, -0.204,   none, 3D,  6.070,  6.086,  1.411,   128
96.305, -0.689,   none, 3D,  6.070,  5.986,  1.411,   128
96.440, -1.128,   none, 3D,  5.979,  5.886,  1.411,   128
96.540, -1.508,   none, 3D,  5.979,  5.786,  1.411,   128
96.639, -1.820,   none, 3D,  5.979,  5.686,  1.411,   128
96.739, -2.068,   none, 3D,  5.979,  5.587,  1.411,   128
96.874, -2.262,   none, 3D,  5.889,  5.487,  1.411,   128
96.974, -2.406,   none, 3D,  5.889,  5.387,  1.411,   128
97.109, -2.510,   none, 3D,  5.979,  5.287,  1.411,   128
97.208, -2.580,   none, 3D,  5.979,  5.188,  1.411,   128
97.308, -2.621,   none, 3D,  5.979,  5.088,  1.411,   128
97.443, -2.641,   none, 3D,  6.070,  4.988,  1.411,   128
103.258, -2.436,    Li1, 0D,  3.080,  0.000,  1.411,    86
103.317, -2.435,   none, 0D,  3.080,  0.000,  1.352,    86
103.376, -2.431,   none, 0D,  3.080,  0.000,  1.294,    86
103.435, -2.425,   none, 0D,  3.080,  0.000,  1.235,    86
103.582, -2.416,   none, 0D,  3.171, 23.843,  1.176,    86
103.641, -2.407,   none, 0D,  3.171, 23.843,  1.117,    86
103.699, -2.396,   none, 0D,  3.171, 23.843,  1.058,    86
103.758, -2.383,   none, 0D,  3.171, 23.843,  1.000,    86
103.817, -2.366,   none, 0D,  3.171, 23.843,  0.941,    86
103.925, -2.348,   none, 0D,  3.080, 23.843,  0.882,    86
103.984, -2.327,   none, 0D,  3.080, 23.843,  0.823,    86
104.131, -2.310,   none, 0D,  3.171, 23.744,  0.764,    86
104.190, -2.290,   none, 0D,  3.171, 23.744,  0.706,    86
104.248, -2.268,   none, 0D,  3.171, 23.744,  0.647,    86
104.307, -2.245,   none, 0D,  3.171, 23.744,  0.588,    86
104.366, -2.221,   none, 0D,  3.171, 23.744,  0.529,    86
104.425, -2.197,   none, 0D,  3.171, 23.744,  0.470,    86
104.484, -2.173,   none, 0D,  3.171, 23.744,  0.412,    86
104.542, -2.150,   none, 0D,  3.171, 23.744,  0.353,    86
104.601, -2.129,   none, 0D,  3.171, 23.744,  0.294,    86
104.717, -2.104,   none, 0D,  3.171, 23.644,  0.235,    86
104.864, -2.038,   none, 0D,  3.080, 23.544,  0.176,    86
104.980, -1.932,   none, 0D,  3.080, 23.444,  0.118,    86
105.096, -1.786,   none, 0D,  3.080, 23.345,  0.059,    86
105.243, -1.621,   none, 0D,  2.990, 23.245,  0.000,    86
105.342, -1.438,   none, 0D,  2.990, 23.145,  0.000,    86
105.442, -1.208,   none, 0D,  2.990, 23.045,  0.000,    86
105.542, -0.930,   none, 0D,  2.990, 22.946,  0.000,    86
105.642, -0.604,   none, 0D,  2.990, 22.846,  0.000,    86
105.742, -0.233,   none, 0D,  2.990, 22.746,  0.000,    86
105.841,  0.176,   none, 0D,  2.990, 22.646,  0.000,    86
105.941,  0.612,   none, 0D,  2.990, 22.546,  0.000,    86
106.041,  1.062,   none, 0D,  2.990, 22.447,  0.000,    86
106.141,  1.508,   none, 0D,  2.990, 22.347,  0.000,    86
106.275,  1.913,   none, 0D,  3.080, 22.247,  0.000,    86
106.375,  2.220,   none, 0D,  3.080, 22.147,  0.000,    86
106.475,  2.470,   none, 0D,  3.080, 22.048,  0.000,    86
106.610,  2.675,   none, 0D,  3.171, 21.948,  0.000,    86
106.744,  2.967,   none, 0D,  3.262, 21.848,  0.000,    86
106.879,  3.398,   none, 0D,  3.352, 21.748,  0.000,    86
107.014,  4.034,   none, 0D,  3.443, 21.649,  0.000,    86
107.105,  4.846,   none, 0D,  3.533, 21.649,  0.000,    86
107.239,  5.878,   none, 0D,  3.624, 21.549,  0.000,    86
107.330,  6.930,   none, 0D,  3.715, 21.549,  0.000,    86
107.420,  8.115,   none, 0D,  3.805, 21.549,  0.000,    86
107.555,  9.246,   none, 0D,  3.896, 21.449,  0.000,    86
107.646, 10.188,   none, 0D,  3.986, 21.449,  0.000,    86
107.736, 11.065,   none, 0D,  4.077, 21.449,  0.000,    86
107.871, 11.532,   none, 0D,  4.168, 21.349,  0.000,    86
107.962, 11.651, saddle, 0D,  4.258, 21.349,  0.000,    86
108.052, 11.586,   none, 0D,  4.349, 21.349,  0.000,    86
108.187, 11.037,   none, 0D,  4.439, 21.250,  0.000,    86
108.278, 10.224,   none, 0D,  4.530, 21.250,  0.000,    86
108.368,  9.344,   none, 0D,  4.621, 21.250,  0.000,    86
108.503,  8.278,   none, 0D,  4.711, 21.150,  0.000,    86
108.594,  7.178,   none, 0D,  4.802, 21.150,  0.000,    86
108.684,  6.196,   none, 0D,  4.892, 21.150,  0.000,    86
108.775,  5.340,   none, 0D,  4.983, 21.150,  0.000,    86
108.865,  4.613,   none, 0D,  5.074, 21.150,  0.000,    86
108.956,  4.010,   none, 0D,  5.164, 21.150,  0.000,    86
109.047,  3.522,   none, 0D,  5.255, 21.150,  0.000,    86
109.181,  3.090,   none, 0D,  5.345, 21.250,  0.000,    86
109.272,  2.648,   none, 0D,  5.436, 21.250,  0.000,    86
109.407,  2.179,   none, 0D,  5.526, 21.349,  0.000,    86
109.542,  1.691,   none, 0D,  5.617, 21.449,  0.000,    86
109.632,  1.158,   none, 0D,  5.708, 21.449,  0.000,    86
109.767,  0.588,   none, 0D,  5.798, 21.549,  0.000,    86
109.902,  0.033,   none, 0D,  5.889, 21.649,  0.000,    86
110.036, -0.486,   none, 0D,  5.979, 21.748,  0.000,    86
110.171, -0.951,   none, 0D,  6.070, 21.848,  0.000,    86
110.306, -1.347,   none, 0D,  6.161, 21.948,  0.000,    86
110.441, -1.665,   none, 0D,  6.251, 22.048,  0.000,    86
110.576, -1.904,   none, 0D,  6.342, 22.147,  0.000,    86
110.666, -2.065,   none, 0D,  6.432, 22.147,  0.000,    86
110.757, -2.166,   none, 0D,  6.523, 22.147,  0.000,    86
110.847, -2.225,   none, 0D,  6.614, 22.147,  0.000,    86
110.938, -2.254,   none, 0D,  6.704, 22.147,  0.000,    86
111.073, -2.268,  Li_i1, 0D,  6.795, 22.048,  0.000,   135
111.131, -2.266,   none, 0D,  6.795, 22.048,  0.059,   135
111.190, -2.261,   none, 0D,  6.795, 22.048,  0.118,   135
111.249, -2.253,   none, 0D,  6.795, 22.048,  0.176,   135
111.365, -2.243,   none, 0D,  6.795, 22.147,  0.235,   135
111.424, -2.233,   none, 0D,  6.795, 22.147,  0.294,   135
111.482, -2.221,   none, 0D,  6.795, 22.147,  0.353,   135
111.541, -2.206,   none, 0D,  6.795, 22.147,  0.412,   135
111.688, -2.190,   none, 0D,  6.704, 22.247,  0.470,   135
111.747, -2.178,   none, 0D,  6.704, 22.247,  0.529,   135
111.806, -2.164,   none, 0D,  6.704, 22.247,  0.588,   135
111.922, -2.149,   none, 0D,  6.704, 22.347,  0.647,   135
111.981, -2.141,   none, 0D,  6.704, 22.347,  0.706,   135
112.039, -2.132,   none, 0D,  6.704, 22.347,  0.764,   135
112.186, -2.130,   none, 0D,  6.614, 22.447,  0.823,   135
112.245, -2.127,   none, 0D,  6.614, 22.447,  0.882,   135
112.392, -2.124, saddle, 0D,  6.523, 22.546,  0.941,   135
112.451, -2.128,   none, 0D,  6.523, 22.546,  1.000,   135
112.510, -2.130,   none, 0D,  6.523, 22.546,  1.058,   135
112.657, -2.134,   none, 0D,  6.432, 22.646,  1.117,   135
112.773, -2.140,   none, 0D,  6.432, 22.746,  1.176,   135
112.920, -2.149,   none, 0D,  6.342, 22.846,  1.235,   135
113.067, -2.160,   none, 0D,  6.251, 22.946,  1.294,   135
113.214, -2.172,   none, 0D,  6.161, 23.045,  1.352,   135
113.330, -2.192,   none, 0D,  6.161, 23.145,  1.411,   135
113.464, -2.214,   none, 0D,  6.070, 23.245,  1.411,   135
113.599, -2.241,   none, 0D,  5.979, 23.345,  1.411,   135
113.699, -2.274,   none, 0D,  5.979, 23.444,  1.411,   135
113.834, -2.315,   none, 0D,  5.889, 23.544,  1.411,   135
113.968, -2.355,   none, 0D,  5.798, 23.644,  1.411,   135
114.103, -2.391,   none, 0D,  5.708, 23.744,  1.411,   135
114.203, -2.420,   none, 0D,  5.708, 23.843,  1.411,   135
114.338, -2.436,    Li1, 0D,  5.617,  0.000,  1.411,    89
114.428, -2.433,   none, 0D,  5.526,  0.000,  1.411,    89
114.563, -2.424,   none, 0D,  5.436,  0.100,  1.411,    89
114.654, -2.409,   none, 0D,  5.345,  0.100,  1.411,    89
114.744, -2.388,   none, 0D,  5.255,  0.100,  1.411,    89
114.835, -2.361,   none, 0D,  5.164,  0.100,  1.411,    89
114.925, -2.330,   none, 0D,  5.074,  0.100,  1.411,    89
115.016, -2.295,   none, 0D,  4.983,  0.100,  1.411,    89
115.107, -2.258,   none, 0D,  4.892,  0.100,  1.411,    89
115.197, -2.220,   none, 0D,  4.802,  0.100,  1.411,    89
115.288, -2.183,   none, 0D,  4.711,  0.100,  1.411,    89
115.423, -2.154,   none, 0D,  4.621,  0.000,  1.411,    89
115.513, -2.136,   none, 0D,  4.530,  0.000,  1.411,    89
115.604, -2.124,   none, 0D,  4.439,  0.000,  1.411,    89
115.694, -2.120, saddle, 0D,  4.349,  0.000,  1.411,    89
115.785, -2.124,   none, 0D,  4.258,  0.000,  1.411,    89
115.876, -2.136,   none, 0D,  4.168,  0.000,  1.411,    89
115.966, -2.154,   none, 0D,  4.077,  0.000,  1.411,    89
116.101, -2.183,   none, 0D,  3.986, 23.843,  1.411,    89
116.191, -2.220,   none, 0D,  3.896, 23.843,  1.411,    89
116.282, -2.258,   none, 0D,  3.805, 23.843,  1.411,    89
116.373, -2.295,   none, 0D,  3.715, 23.843,  1.411,    89
116.463, -2.330,   none, 0D,  3.624, 23.843,  1.411,    89
116.554, -2.361,   none, 0D,  3.533, 23.843,  1.411,    89
116.644, -2.388,   none, 0D,  3.443, 23.843,  1.411,    89
116.735, -2.409,   none, 0D,  3.352, 23.843,  1.411,    89
116.826, -2.424,   none, 0D,  3.262, 23.843,  1.411,    89
116.960, -2.433,   none, 0D,  3.171,  0.000,  1.411,    89
