r_coor, energy,   site, dn,      x,      y,      z, index
13.732, -2.466,  Li_i1, 1D, 15.299,  1.474,  1.552,   180
13.794, -2.458,   none, 1D, 15.299,  1.535,  1.552,   180
13.855, -2.434,   none, 1D, 15.299,  1.597,  1.552,   180
13.916, -2.392,   none, 1D, 15.299,  1.658,  1.552,   180
14.028, -2.346,   none, 1D, 15.391,  1.720,  1.552,   180
14.089, -2.300,   none, 1D, 15.391,  1.781,  1.552,   180
14.221, -2.258,   none, 1D, 15.475,  1.842,  1.633,   180
14.282, -2.225,   none, 1D, 15.475,  1.904,  1.633,   180
14.393, -2.211,   none, 1D, 15.567,  1.965,  1.633,   180
14.455, -2.200, saddle, 1D, 15.567,  2.027,  1.633,   180
14.566, -2.215,   none, 1D, 15.660,  2.088,  1.633,   180
14.677, -2.231,   none, 1D, 15.753,  2.149,  1.633,   180
14.739, -2.268,   none, 1D, 15.753,  2.211,  1.633,   180
14.850, -2.306,   none, 1D, 15.845,  2.272,  1.633,   180
14.911, -2.354,   none, 1D, 15.845,  2.334,  1.633,   180
15.022, -2.403,   none, 1D, 15.938,  2.395,  1.633,   180
15.084, -2.454,   none, 1D, 15.938,  2.456,  1.633,   180
15.195, -2.500,   none, 1D, 16.031,  2.518,  1.633,   180
15.256, -2.546,   none, 1D, 16.031,  2.579,  1.633,   180
15.318, -2.584,   none, 1D, 16.031,  2.641,  1.633,   180
15.450, -2.618,   none, 1D, 16.114,  2.702,  1.715,   180
15.511, -2.645,   none, 1D, 16.114,  2.764,  1.715,   180
15.572, -2.664,   none, 1D, 16.114,  2.825,  1.715,   180
15.634, -2.675,   none, 1D, 16.114,  2.886,  1.715,   180
15.695, -2.679,    Li1, 1D, 16.114,  0.000,  1.715,   179
15.757, -2.675,   none, 1D, 16.114,  0.061,  1.715,   179
15.818, -2.664,   none, 1D, 16.114,  0.123,  1.715,   179
15.880, -2.645,   none, 1D, 16.114,  0.184,  1.715,   179
15.941, -2.618,   none, 1D, 16.114,  0.246,  1.715,   179
16.073, -2.584,   none, 1D, 16.031,  0.307,  1.633,   179
16.134, -2.546,   none, 1D, 16.031,  0.368,  1.633,   179
16.196, -2.500,   none, 1D, 16.031,  0.430,  1.633,   179
16.307, -2.454,   none, 1D, 15.938,  0.491,  1.633,   179
16.368, -2.403,   none, 1D, 15.938,  0.553,  1.633,   179
16.479, -2.354,   none, 1D, 15.845,  0.614,  1.633,   179
16.541, -2.306,   none, 1D, 15.845,  0.676,  1.633,   179
16.652, -2.268,   none, 1D, 15.753,  0.737,  1.633,   179
16.713, -2.231,   none, 1D, 15.753,  0.798,  1.633,   179
16.825, -2.215,   none, 1D, 15.660,  0.860,  1.633,   179
16.936, -2.200, saddle, 1D, 15.567,  0.921,  1.633,   179
16.997, -2.211,   none, 1D, 15.567,  0.983,  1.633,   179
17.108, -2.225,   none, 1D, 15.475,  1.044,  1.633,   179
17.170, -2.258,   none, 1D, 15.475,  1.105,  1.633,   179
17.302, -2.300,   none, 1D, 15.391,  1.167,  1.552,   179
17.363, -2.346,   none, 1D, 15.391,  1.228,  1.552,   179
17.474, -2.392,   none, 1D, 15.299,  1.290,  1.552,   179
17.536, -2.434,   none, 1D, 15.299,  1.351,  1.552,   179
17.597, -2.458,   none, 1D, 15.299,  1.412,  1.552,   179
30.095, -2.466,  Li_i1, 2D, 27.402,  0.000,  4.328,   320
30.212, -2.438,   none, 2D, 27.486,  0.000,  4.410,   320
30.294, -2.387,   none, 2D, 27.477,  0.000,  4.492,   320
30.411, -2.313,   none, 2D, 27.560,  0.000,  4.573,   320
30.493, -2.243,   none, 2D, 27.551,  0.000,  4.655,   320
30.610, -2.185,   none, 2D, 27.634,  0.000,  4.737,   320
30.727, -2.134,   none, 2D, 27.718,  0.000,  4.819,   320
30.809, -2.116, saddle, 2D, 27.709,  0.000,  4.900,   320
30.926, -2.126,   none, 2D, 27.792,  0.000,  4.982,   320
31.042, -2.153,   none, 2D, 27.876,  0.000,  5.064,   320
31.125, -2.207,   none, 2D, 27.866,  0.000,  5.145,   320
31.241, -2.284,   none, 2D, 27.950,  0.000,  5.227,   320
31.358, -2.365,   none, 2D, 28.033,  0.000,  5.309,   320
31.440, -2.451,   none, 2D, 28.024,  0.000,  5.390,   320
31.557, -2.538,   none, 2D, 28.108,  0.000,  5.472,   320
31.639, -2.607,   none, 2D, 28.099,  0.000,  5.554,   320
31.756, -2.673,   none, 2D, 28.182,  0.000,  5.635,   320
31.838, -2.716,   none, 2D, 28.173,  0.000,  5.717,   320
31.955, -2.743,   none, 2D, -0.651,  0.000,  5.799,   320
32.037, -2.755,    Li4, 2D,  0.000,  0.000,  0.000,     2
32.119, -2.743,   none, 2D, -0.009,  0.000,  0.082,     2
32.236, -2.716,   none, 2D,  0.074,  0.000,  0.163,     2
32.318, -2.673,   none, 2D,  0.065,  0.000,  0.245,     2
32.435, -2.607,   none, 2D,  0.149,  0.000,  0.327,     2
32.517, -2.538,   none, 2D,  0.139,  0.000,  0.408,     2
32.634, -2.451,   none, 2D,  0.223,  0.000,  0.490,     2
32.716, -2.365,   none, 2D,  0.214,  0.000,  0.572,     2
32.833, -2.284,   none, 2D,  0.297,  0.000,  0.653,     2
32.950, -2.207,   none, 2D,  0.381,  0.000,  0.735,     2
33.032, -2.153,   none, 2D,  0.372,  0.000,  0.817,     2
33.149, -2.126,   none, 2D,  0.455,  0.000,  0.898,     2
33.266, -2.116, saddle, 2D,  0.538,  0.000,  0.980,     2
33.348, -2.134,   none, 2D,  0.529,  0.000,  1.062,     2
33.465, -2.185,   none, 2D,  0.613,  0.000,  1.143,     2
33.581, -2.243,   none, 2D,  0.696,  0.000,  1.225,     2
33.664, -2.313,   none, 2D,  0.687,  0.000,  1.307,     2
33.780, -2.387,   none, 2D,  0.771,  0.000,  1.388,     2
33.863, -2.438,   none, 2D,  0.761,  0.000,  1.470,     2
33.979, -2.466,  Li_i1, 2D,  0.845,  0.000,  1.552,     1
34.062, -2.455,   none, 2D,  0.836,  0.000,  1.633,     1
34.192, -2.400,   none, 2D,  0.734,  0.000,  1.715,     1
34.274, -2.321,   none, 2D,  0.725,  0.000,  1.797,     1
34.405, -2.227,   none, 2D,  0.623,  0.000,  1.878,     1
34.535, -2.141,   none, 2D,  0.521,  0.000,  1.960,     1
34.666, -2.081,   none, 2D,  0.419,  0.000,  2.042,     1
34.796, -2.058, saddle, 2D,  0.317,  0.000,  2.123,     1
34.927, -2.077,   none, 2D,  0.216,  0.000,  2.205,     1
35.057, -2.133,   none, 2D,  0.114,  0.000,  2.287,     1
35.188, -2.217,   none, 2D,  0.012,  0.000,  2.368,     1
35.270, -2.316,   none, 2D,  0.003,  0.000,  2.450,     1
35.401, -2.419,   none, 2D, -0.099,  0.000,  2.532,     1
35.531, -2.508,   none, 2D, -0.201,  0.000,  2.613,     1
35.613, -2.580,   none, 2D, -0.210,  0.000,  2.695,     1
35.696, -2.627,   none, 2D, -0.219,  0.000,  2.777,     1
35.826, -2.662,   none, 2D, -0.321,  0.000,  2.858,     1
35.908, -2.674,    Li5, 2D, -0.330,  0.000,  2.940,   323
35.990, -2.662,   none, 2D, -0.339,  0.000,  3.022,   323
36.121, -2.627,   none, 2D, 28.466,  0.000,  3.103,   323
36.203, -2.580,   none, 2D, 28.457,  0.000,  3.185,   323
36.285, -2.508,   none, 2D, 28.448,  0.000,  3.267,   323
36.416, -2.419,   none, 2D, 28.346,  0.000,  3.348,   323
36.546, -2.316,   none, 2D, 28.244,  0.000,  3.430,   323
36.629, -2.217,   none, 2D, 28.235,  0.000,  3.512,   323
36.759, -2.133,   none, 2D, 28.133,  0.000,  3.593,   323
36.890, -2.077,   none, 2D, 28.032,  0.000,  3.675,   323
37.020, -2.058, saddle, 2D, 27.930,  0.000,  3.757,   323
37.151, -2.081,   none, 2D, 27.828,  0.000,  3.838,   323
37.281, -2.141,   none, 2D, 27.726,  0.000,  3.920,   323
37.412, -2.227,   none, 2D, 27.624,  0.000,  4.002,   323
37.542, -2.321,   none, 2D, 27.522,  0.000,  4.083,   323
37.624, -2.400,   none, 2D, 27.513,  0.000,  4.165,   323
37.755, -2.455,   none, 2D, 27.411,  0.000,  4.247,   323
40.683, -1.432,  Li_i3, 3D, 25.353,  1.474,  2.777,   298
40.799, -1.418,   none, 3D, 25.436,  1.474,  2.858,   298
40.916, -1.389,   none, 3D, 25.520,  1.474,  2.940,   298
41.033, -1.367, saddle, 3D, 25.603,  1.474,  3.022,   298
41.115, -1.372,   none, 3D, 25.594,  1.474,  3.103,   298
41.232, -1.410,   none, 3D, 25.678,  1.474,  3.185,   298
41.349, -1.481,   none, 3D, 25.761,  1.474,  3.267,   298
41.466, -1.585,   none, 3D, 25.845,  1.474,  3.348,   298
41.582, -1.714,   none, 3D, 25.928,  1.474,  3.430,   298
41.699, -1.859,   none, 3D, 26.012,  1.474,  3.512,   298
41.816, -2.014,   none, 3D, 26.095,  1.474,  3.593,   298
41.933, -2.167,   none, 3D, 26.179,  1.474,  3.675,   298
42.049, -2.311,   none, 3D, 26.262,  1.474,  3.757,   298
42.166, -2.438,   none, 3D, 26.345,  1.474,  3.838,   298
42.283, -2.542,   none, 3D, 26.429,  1.474,  3.920,   298
42.400, -2.618,   none, 3D, 26.512,  1.474,  4.002,   298
42.517, -2.661,   none, 3D, 26.596,  1.474,  4.083,   298
47.141, -2.679,    Li1, 3D,  1.660,  1.474,  1.715,    30
47.223, -2.661,   none, 3D,  1.651,  1.474,  1.797,    30
47.340, -2.618,   none, 3D,  1.735,  1.474,  1.878,    30
47.457, -2.542,   none, 3D,  1.818,  1.474,  1.960,    30
47.574, -2.438,   none, 3D,  1.902,  1.474,  2.042,    30
47.691, -2.311,   none, 3D,  1.985,  1.474,  2.123,    30
47.807, -2.167,   none, 3D,  2.069,  1.474,  2.205,    30
47.924, -2.014,   none, 3D,  2.152,  1.474,  2.287,    30
48.041, -1.859,   none, 3D,  2.236,  1.474,  2.368,    30
48.158, -1.714,   none, 3D,  2.319,  1.474,  2.450,    30
48.274, -1.585,   none, 3D,  2.403,  1.474,  2.532,    30
48.391, -1.481,   none, 3D,  2.486,  1.474,  2.613,    30
48.508, -1.410,   none, 3D,  2.570,  1.474,  2.695,    30
48.625, -1.372,   none, 3D,  2.653,  1.474,  2.777,    30
48.707, -1.367, saddle, 3D,  2.644,  1.474,  2.858,    30
48.824, -1.389,   none, 3D,  2.727,  1.474,  2.940,    30
48.941, -1.418,   none, 3D,  2.811,  1.474,  3.022,    30
49.057, -1.432,  Li_i3, 3D,  2.894,  1.474,  3.103,    42
49.119, -1.427,   none, 3D,  2.894,  1.412,  3.103,    42
49.230, -1.417,   none, 3D,  2.987,  1.351,  3.103,    42
49.291, -1.409,   none, 3D,  2.987,  1.290,  3.103,    42
49.423, -1.405, saddle, 3D,  3.070,  1.228,  3.185,    42
49.534, -1.408,   none, 3D,  3.163,  1.167,  3.185,    42
49.596, -1.436,   none, 3D,  3.163,  1.105,  3.185,    42
49.657, -1.462,   none, 3D,  3.163,  1.044,  3.185,    42
49.768, -1.514,   none, 3D,  3.256,  0.983,  3.185,    42
49.900, -1.608,   none, 3D,  3.339,  0.921,  3.267,    42
50.012, -1.708,   none, 3D,  3.432,  0.860,  3.267,    42
50.123, -1.807,   none, 3D,  3.524,  0.798,  3.267,    42
50.255, -1.922,   none, 3D,  3.608,  0.737,  3.348,    42
50.366, -2.037,   none, 3D,  3.701,  0.676,  3.348,    42
50.427, -2.126,   none, 3D,  3.701,  0.614,  3.348,    42
50.489, -2.206,   none, 3D,  3.701,  0.553,  3.348,    42
50.550, -2.276,   none, 3D,  3.701,  0.491,  3.348,    42
50.611, -2.337,   none, 3D,  3.701,  0.430,  3.348,    42
50.673, -2.388,   none, 3D,  3.701,  0.368,  3.348,    42
50.734, -2.431,   none, 3D,  3.701,  0.307,  3.348,    42
50.796, -2.464,   none, 3D,  3.701,  0.246,  3.348,    42
50.857, -2.490,   none, 3D,  3.701,  0.184,  3.348,    42
50.918, -2.508,   none, 3D,  3.701,  0.123,  3.348,    42
50.980, -2.518,   none, 3D,  3.701,  0.061,  3.348,    42
51.041, -2.522,    Li2, 3D,  3.701,  0.000,  3.348,    48
51.103, -2.518,   none, 3D,  3.701,  0.061,  3.348,    48
51.164, -2.508,   none, 3D,  3.701,  0.123,  3.348,    48
51.226, -2.490,   none, 3D,  3.701,  0.184,  3.348,    48
51.287, -2.464,   none, 3D,  3.701,  0.246,  3.348,    48
51.348, -2.431,   none, 3D,  3.701,  0.307,  3.348,    48
51.410, -2.388,   none, 3D,  3.701,  0.368,  3.348,    48
51.471, -2.337,   none, 3D,  3.701,  0.430,  3.348,    48
51.533, -2.276,   none, 3D,  3.701,  0.491,  3.348,    48
51.594, -2.206,   none, 3D,  3.701,  0.553,  3.348,    48
51.705, -2.125,   none, 3D,  3.793,  0.614,  3.348,    48
51.837, -2.028,   none, 3D,  3.877,  0.676,  3.430,    48
51.948, -1.938,   none, 3D,  3.969,  0.737,  3.430,    48
52.010, -1.851,   none, 3D,  3.969,  0.798,  3.430,    48
52.121, -1.765,   none, 3D,  4.062,  0.860,  3.430,    48
52.232, -1.675,   none, 3D,  4.155,  0.921,  3.430,    48
52.364, -1.622,   none, 3D,  4.238,  0.983,  3.512,    48
52.425, -1.580,   none, 3D,  4.238,  1.044,  3.512,    48
52.537, -1.544,   none, 3D,  4.331,  1.105,  3.512,    48
52.598, -1.526,   none, 3D,  4.331,  1.167,  3.512,    48
52.730, -1.518,   none, 3D,  4.414,  1.228,  3.593,    48
52.791, -1.515, saddle, 3D,  4.414,  1.290,  3.593,    48
52.902, -1.523,   none, 3D,  4.507,  1.351,  3.593,    48
52.964, -1.530,   none, 3D,  4.507,  1.412,  3.593,    48
53.096, -1.533,  Li_i4, 3D,  4.590,  1.474,  3.675,    60
53.213, -1.520,   none, 3D,  4.674,  1.474,  3.757,    60
53.329, -1.507, saddle, 3D,  4.757,  1.474,  3.838,    60
53.412, -1.515,   none, 3D,  4.748,  1.474,  3.920,    60
53.528, -1.545,   none, 3D,  4.832,  1.474,  4.002,    60
53.645, -1.595,   none, 3D,  4.915,  1.474,  4.083,    60
53.762, -1.662,   none, 3D,  4.999,  1.474,  4.165,    60
53.879, -1.746,   none, 3D,  5.082,  1.474,  4.247,    60
53.995, -1.841,   none, 3D,  5.166,  1.474,  4.328,    60
54.078, -1.953,   none, 3D,  5.156,  1.474,  4.410,    60
54.194, -2.063,   none, 3D,  5.240,  1.474,  4.492,    60
54.311, -2.165,   none, 3D,  5.323,  1.474,  4.573,    60
54.428, -2.256,   none, 3D,  5.407,  1.474,  4.655,    60
54.510, -2.333,   none, 3D,  5.398,  1.474,  4.737,    60
54.627, -2.394,   none, 3D,  5.481,  1.474,  4.819,    60
54.709, -2.430,   none, 3D,  5.472,  1.474,  4.900,    60
54.826, -2.453,    Li3, 3D,  5.556,  1.474,  4.982,    68
54.887, -2.448,   none, 3D,  5.556,  1.412,  4.982,    68
54.949, -2.435,   none, 3D,  5.556,  1.351,  4.982,    68
55.010, -2.413,   none, 3D,  5.556,  1.290,  4.982,    68
55.072, -2.381,   none, 3D,  5.556,  1.228,  4.982,    68
55.133, -2.339,   none, 3D,  5.556,  1.167,  4.982,    68
55.194, -2.287,   none, 3D,  5.556,  1.105,  4.982,    68
55.256, -2.224,   none, 3D,  5.556,  1.044,  4.982,    68
55.367, -2.152,   none, 3D,  5.463,  0.983,  4.982,    68
55.478, -2.064,   none, 3D,  5.556,  0.921,  4.982,    68
55.610, -1.964,   none, 3D,  5.639,  0.860,  5.064,    68
55.721, -1.858,   none, 3D,  5.732,  0.798,  5.064,    68
55.832, -1.745,   none, 3D,  5.824,  0.737,  5.064,    68
55.944, -1.629,   none, 3D,  5.917,  0.676,  5.064,    68
56.076, -1.528,   none, 3D,  6.000,  0.614,  5.145,    68
56.187, -1.449,   none, 3D,  6.093,  0.553,  5.145,    68
56.248, -1.378,   none, 3D,  6.093,  0.491,  5.145,    68
56.359, -1.323,   none, 3D,  6.186,  0.430,  5.145,    68
56.491, -1.269,   none, 3D,  6.269,  0.368,  5.227,    68
56.602, -1.247, saddle, 3D,  6.362,  0.307,  5.227,    68
56.664, -1.249,  Li_i5, 3D,  6.362,  0.246,  5.227,    72
56.725, -1.247,   none, 3D,  6.362,  0.184,  5.227,    72
56.787, -1.245,   none, 3D,  6.362,  0.123,  5.227,    72
56.919, -1.245, saddle, 3D,  6.445,  0.061,  5.309,    72
56.980, -1.246,  Li_i6, 3D,  6.445,  0.000,  5.309,    86
57.097, -1.227,   none, 3D,  6.529,  0.000,  5.390,    86
57.214, -1.210,   none, 3D,  6.612,  0.000,  5.472,    86
57.330, -1.208, saddle, 3D,  6.696,  0.000,  5.554,    86
57.447, -1.231,   none, 3D,  6.779,  0.000,  5.635,    86
57.564, -1.281,   none, 3D,  6.863,  0.000,  5.717,    86
57.681, -1.359,   none, 3D,  6.946,  0.000,  5.799,    86
57.797, -1.460,   none, 3D,  7.690,  0.000,  0.000,    86
57.914, -1.580,   none, 3D,  7.774,  0.000,  0.082,    86
57.996, -1.718,   none, 3D,  7.764,  0.000,  0.163,    86
58.113, -1.862,   none, 3D,  7.848,  0.000,  0.245,    86
58.230, -1.999,   none, 3D,  7.931,  0.000,  0.327,    86
58.347, -2.123,   none, 3D,  8.015,  0.000,  0.408,    86
58.429, -2.228,   none, 3D,  8.006,  0.000,  0.490,    86
58.546, -2.319,   none, 3D,  8.089,  0.000,  0.572,    86
58.663, -2.384,   none, 3D,  8.173,  0.000,  0.653,    86
58.745, -2.429,   none, 3D,  8.164,  0.000,  0.735,    86
58.861, -2.449,   none, 3D,  8.247,  0.000,  0.817,    86
58.944, -2.453,    Li3, 3D,  8.238,  0.000,  0.898,   102
59.060, -2.430,   none, 3D,  8.321,  0.000,  0.980,   102
59.143, -2.394,   none, 3D,  8.312,  0.000,  1.062,   102
59.259, -2.333,   none, 3D,  8.396,  0.000,  1.143,   102
59.342, -2.256,   none, 3D,  8.386,  0.000,  1.225,   102
59.458, -2.165,   none, 3D,  8.470,  0.000,  1.307,   102
59.575, -2.063,   none, 3D,  8.553,  0.000,  1.388,   102
59.692, -1.953,   none, 3D,  8.637,  0.000,  1.470,   102
59.774, -1.841,   none, 3D,  8.628,  0.000,  1.552,   102
59.891, -1.746,   none, 3D,  8.711,  0.000,  1.633,   102
60.008, -1.662,   none, 3D,  8.795,  0.000,  1.715,   102
60.125, -1.595,   none, 3D,  8.878,  0.000,  1.797,   102
60.241, -1.545,   none, 3D,  8.962,  0.000,  1.878,   102
60.358, -1.515,   none, 3D,  9.045,  0.000,  1.960,   102
60.440, -1.507, saddle, 3D,  9.036,  0.000,  2.042,   102
60.557, -1.520,   none, 3D,  9.119,  0.000,  2.123,   102
60.674, -1.533,  Li_i4, 3D,  9.203,  0.000,  2.205,   112
60.806, -1.530,   none, 3D,  9.286,  0.061,  2.287,   112
60.867, -1.523,   none, 3D,  9.286,  0.123,  2.287,   112
60.978, -1.515, saddle, 3D,  9.379,  0.184,  2.287,   112
61.040, -1.518,   none, 3D,  9.379,  0.246,  2.287,   112
61.172, -1.526,   none, 3D,  9.463,  0.307,  2.368,   112
61.233, -1.544,   none, 3D,  9.463,  0.368,  2.368,   112
61.344, -1.580,   none, 3D,  9.555,  0.430,  2.368,   112
61.406, -1.622,   none, 3D,  9.555,  0.491,  2.368,   112
61.538, -1.675,   none, 3D,  9.639,  0.553,  2.450,   112
61.649, -1.765,   none, 3D,  9.731,  0.614,  2.450,   112
61.760, -1.851,   none, 3D,  9.824,  0.676,  2.450,   112
61.821, -1.938,   none, 3D,  9.824,  0.737,  2.450,   112
61.933, -2.028,   none, 3D,  9.917,  0.798,  2.450,   112
62.064, -2.125,   none, 3D, 10.000,  0.860,  2.532,   112
62.176, -2.206,   none, 3D, 10.093,  0.921,  2.532,   112
62.237, -2.276,   none, 3D, 10.093,  0.983,  2.532,   112
62.298, -2.337,   none, 3D, 10.093,  1.044,  2.532,   112
62.360, -2.388,   none, 3D, 10.093,  1.105,  2.532,   112
62.421, -2.431,   none, 3D, 10.093,  1.167,  2.532,   112
62.483, -2.464,   none, 3D, 10.093,  1.228,  2.532,   112
62.544, -2.490,   none, 3D, 10.093,  1.290,  2.532,   112
62.606, -2.508,   none, 3D, 10.093,  1.351,  2.532,   112
62.667, -2.518,   none, 3D, 10.093,  1.412,  2.532,   112
62.728, -2.522,    Li2, 3D, 10.093,  1.474,  2.532,   118
62.790, -2.518,   none, 3D, 10.093,  1.412,  2.532,   118
62.851, -2.508,   none, 3D, 10.093,  1.351,  2.532,   118
62.913, -2.490,   none, 3D, 10.093,  1.290,  2.532,   118
62.974, -2.464,   none, 3D, 10.093,  1.228,  2.532,   118
63.035, -2.431,   none, 3D, 10.093,  1.167,  2.532,   118
63.097, -2.388,   none, 3D, 10.093,  1.105,  2.532,   118
63.158, -2.337,   none, 3D, 10.093,  1.044,  2.532,   118
63.220, -2.276,   none, 3D, 10.093,  0.983,  2.532,   118
63.281, -2.206,   none, 3D, 10.093,  0.921,  2.532,   118
63.342, -2.126,   none, 3D, 10.093,  0.860,  2.532,   118
63.404, -2.037,   none, 3D, 10.093,  0.798,  2.532,   118
63.515, -1.922,   none, 3D, 10.185,  0.737,  2.532,   118
63.647, -1.807,   none, 3D, 10.269,  0.676,  2.613,   118
63.758, -1.708,   none, 3D, 10.362,  0.614,  2.613,   118
63.869, -1.608,   none, 3D, 10.454,  0.553,  2.613,   118
64.001, -1.514,   none, 3D, 10.538,  0.491,  2.695,   118
64.112, -1.462,   none, 3D, 10.630,  0.430,  2.695,   118
64.174, -1.436,   none, 3D, 10.630,  0.368,  2.695,   118
64.235, -1.408,   none, 3D, 10.630,  0.307,  2.695,   118
64.346, -1.405, saddle, 3D, 10.723,  0.246,  2.695,   118
64.478, -1.409,   none, 3D, 10.806,  0.184,  2.777,   118
64.540, -1.417,   none, 3D, 10.806,  0.123,  2.777,   118
64.651, -1.427,   none, 3D, 10.899,  0.061,  2.777,   118
64.712, -1.432,  Li_i3, 3D, 10.899,  0.000,  2.777,   136
64.829, -1.418,   none, 3D, 10.983,  0.000,  2.858,   136
64.946, -1.389,   none, 3D, 11.066,  0.000,  2.940,   136
65.063, -1.367, saddle, 3D, 11.150,  0.000,  3.022,   136
65.145, -1.372,   none, 3D, 11.140,  0.000,  3.103,   136
65.262, -1.410,   none, 3D, 11.224,  0.000,  3.185,   136
65.378, -1.481,   none, 3D, 11.307,  0.000,  3.267,   136
65.495, -1.585,   none, 3D, 11.391,  0.000,  3.348,   136
65.612, -1.714,   none, 3D, 11.474,  0.000,  3.430,   136
65.729, -1.859,   none, 3D, 11.558,  0.000,  3.512,   136
65.846, -2.014,   none, 3D, 11.641,  0.000,  3.593,   136
65.962, -2.167,   none, 3D, 11.725,  0.000,  3.675,   136
66.079, -2.311,   none, 3D, 11.808,  0.000,  3.757,   136
66.196, -2.438,   none, 3D, 11.892,  0.000,  3.838,   136
66.313, -2.542,   none, 3D, 11.975,  0.000,  3.920,   136
66.429, -2.618,   none, 3D, 12.059,  0.000,  4.002,   136
66.546, -2.661,   none, 3D, 12.142,  0.000,  4.083,   136
71.171, -2.679,    Li1, 3D, 16.114,  0.000,  1.715,   188
71.253, -2.661,   none, 3D, 16.105,  0.000,  1.797,   188
71.370, -2.618,   none, 3D, 16.189,  0.000,  1.878,   188
71.487, -2.542,   none, 3D, 16.272,  0.000,  1.960,   188
71.603, -2.438,   none, 3D, 16.355,  0.000,  2.042,   188
71.720, -2.311,   none, 3D, 16.439,  0.000,  2.123,   188
71.837, -2.167,   none, 3D, 16.522,  0.000,  2.205,   188
71.954, -2.014,   none, 3D, 16.606,  0.000,  2.287,   188
72.071, -1.859,   none, 3D, 16.689,  0.000,  2.368,   188
72.187, -1.714,   none, 3D, 16.773,  0.000,  2.450,   188
72.304, -1.585,   none, 3D, 16.856,  0.000,  2.532,   188
72.421, -1.481,   none, 3D, 16.940,  0.000,  2.613,   188
72.538, -1.410,   none, 3D, 17.023,  0.000,  2.695,   188
72.654, -1.372,   none, 3D, 17.107,  0.000,  2.777,   188
72.737, -1.367, saddle, 3D, 17.098,  0.000,  2.858,   188
72.853, -1.389,   none, 3D, 17.181,  0.000,  2.940,   188
72.970, -1.418,   none, 3D, 17.265,  0.000,  3.022,   188
73.087, -1.432,  Li_i3, 3D, 17.348,  0.000,  3.103,   204
73.148, -1.427,   none, 3D, 17.348,  0.061,  3.103,   204
73.260, -1.417,   none, 3D, 17.441,  0.123,  3.103,   204
73.321, -1.409,   none, 3D, 17.441,  0.184,  3.103,   204
73.453, -1.405, saddle, 3D, 17.524,  0.246,  3.185,   204
73.564, -1.408,   none, 3D, 17.617,  0.307,  3.185,   204
73.626, -1.436,   none, 3D, 17.617,  0.368,  3.185,   204
73.687, -1.462,   none, 3D, 17.617,  0.430,  3.185,   204
73.798, -1.514,   none, 3D, 17.710,  0.491,  3.185,   204
73.930, -1.608,   none, 3D, 17.793,  0.553,  3.267,   204
74.041, -1.708,   none, 3D, 17.886,  0.614,  3.267,   204
74.152, -1.807,   none, 3D, 17.978,  0.676,  3.267,   204
74.284, -1.922,   none, 3D, 18.062,  0.737,  3.348,   204
74.395, -2.037,   none, 3D, 18.154,  0.798,  3.348,   204
74.457, -2.126,   none, 3D, 18.154,  0.860,  3.348,   204
74.518, -2.206,   none, 3D, 18.154,  0.921,  3.348,   204
74.580, -2.276,   none, 3D, 18.154,  0.983,  3.348,   204
74.641, -2.337,   none, 3D, 18.154,  1.044,  3.348,   204
74.702, -2.388,   none, 3D, 18.154,  1.105,  3.348,   204
74.764, -2.431,   none, 3D, 18.154,  1.167,  3.348,   204
74.825, -2.464,   none, 3D, 18.154,  1.228,  3.348,   204
74.887, -2.490,   none, 3D, 18.154,  1.290,  3.348,   204
74.948, -2.508,   none, 3D, 18.154,  1.351,  3.348,   204
75.010, -2.518,   none, 3D, 18.154,  1.412,  3.348,   204
75.071, -2.522,    Li2, 3D, 18.154,  1.474,  3.348,   210
75.132, -2.518,   none, 3D, 18.154,  1.412,  3.348,   210
75.194, -2.508,   none, 3D, 18.154,  1.351,  3.348,   210
75.255, -2.490,   none, 3D, 18.154,  1.290,  3.348,   210
75.317, -2.464,   none, 3D, 18.154,  1.228,  3.348,   210
75.378, -2.431,   none, 3D, 18.154,  1.167,  3.348,   210
75.439, -2.388,   none, 3D, 18.154,  1.105,  3.348,   210
75.501, -2.337,   none, 3D, 18.154,  1.044,  3.348,   210
75.562, -2.276,   none, 3D, 18.154,  0.983,  3.348,   210
75.624, -2.206,   none, 3D, 18.154,  0.921,  3.348,   210
75.735, -2.125,   none, 3D, 18.247,  0.860,  3.348,   210
75.867, -2.028,   none, 3D, 18.331,  0.798,  3.430,   210
75.978, -1.938,   none, 3D, 18.423,  0.737,  3.430,   210
76.039, -1.851,   none, 3D, 18.423,  0.676,  3.430,   210
76.150, -1.765,   none, 3D, 18.516,  0.614,  3.430,   210
76.262, -1.675,   none, 3D, 18.609,  0.553,  3.430,   210
76.394, -1.622,   none, 3D, 18.692,  0.491,  3.512,   210
76.455, -1.580,   none, 3D, 18.692,  0.430,  3.512,   210
76.566, -1.544,   none, 3D, 18.785,  0.368,  3.512,   210
76.628, -1.526,   none, 3D, 18.785,  0.307,  3.512,   210
76.760, -1.518,   none, 3D, 18.868,  0.246,  3.593,   210
76.821, -1.515, saddle, 3D, 18.868,  0.184,  3.593,   210
76.932, -1.523,   none, 3D, 18.961,  0.123,  3.593,   210
76.994, -1.530,   none, 3D, 18.961,  0.061,  3.593,   210
77.125, -1.533,  Li_i4, 3D, 19.044,  0.000,  3.675,   222
77.242, -1.520,   none, 3D, 19.128,  0.000,  3.757,   222
77.359, -1.507, saddle, 3D, 19.211,  0.000,  3.838,   222
77.441, -1.515,   none, 3D, 19.202,  0.000,  3.920,   222
77.558, -1.545,   none, 3D, 19.286,  0.000,  4.002,   222
77.675, -1.595,   none, 3D, 19.369,  0.000,  4.083,   222
77.792, -1.662,   none, 3D, 19.452,  0.000,  4.165,   222
77.908, -1.746,   none, 3D, 19.536,  0.000,  4.247,   222
78.025, -1.841,   none, 3D, 19.619,  0.000,  4.328,   222
78.107, -1.953,   none, 3D, 19.610,  0.000,  4.410,   222
78.224, -2.063,   none, 3D, 19.694,  0.000,  4.492,   222
78.341, -2.165,   none, 3D, 19.777,  0.000,  4.573,   222
78.458, -2.256,   none, 3D, 19.861,  0.000,  4.655,   222
78.540, -2.333,   none, 3D, 19.852,  0.000,  4.737,   222
78.657, -2.394,   none, 3D, 19.935,  0.000,  4.819,   222
78.739, -2.430,   none, 3D, 19.926,  0.000,  4.900,   222
78.856, -2.453,    Li3, 3D, 20.009,  0.000,  4.982,   230
78.917, -2.448,   none, 3D, 20.009,  0.061,  4.982,   230
78.978, -2.435,   none, 3D, 20.009,  0.123,  4.982,   230
79.040, -2.413,   none, 3D, 20.009,  0.184,  4.982,   230
79.101, -2.381,   none, 3D, 20.009,  0.246,  4.982,   230
79.163, -2.339,   none, 3D, 20.009,  0.307,  4.982,   230
79.224, -2.287,   none, 3D, 20.009,  0.368,  4.982,   230
79.285, -2.224,   none, 3D, 20.009,  0.430,  4.982,   230
79.397, -2.152,   none, 3D, 19.917,  0.491,  4.982,   230
79.508, -2.064,   none, 3D, 20.009,  0.553,  4.982,   230
79.640, -1.964,   none, 3D, 20.093,  0.614,  5.064,   230
79.751, -1.858,   none, 3D, 20.185,  0.676,  5.064,   230
79.862, -1.745,   none, 3D, 20.278,  0.737,  5.064,   230
79.973, -1.629,   none, 3D, 20.371,  0.798,  5.064,   230
80.105, -1.528,   none, 3D, 20.454,  0.860,  5.145,   230
80.216, -1.449,   none, 3D, 20.547,  0.921,  5.145,   230
80.278, -1.378,   none, 3D, 20.547,  0.983,  5.145,   230
80.389, -1.323,   none, 3D, 20.640,  1.044,  5.145,   230
80.521, -1.269,   none, 3D, 20.723,  1.105,  5.227,   230
80.632, -1.247, saddle, 3D, 20.816,  1.167,  5.227,   230
80.693, -1.249,  Li_i5, 3D, 20.816,  1.228,  5.227,   234
80.755, -1.247,   none, 3D, 20.816,  1.290,  5.227,   234
80.816, -1.245,   none, 3D, 20.816,  1.351,  5.227,   234
80.948, -1.245, saddle, 3D, 20.899,  1.412,  5.309,   234
81.010, -1.246,  Li_i6, 3D, 20.899,  1.474,  5.309,   248
81.126, -1.227,   none, 3D, 20.983,  1.474,  5.390,   248
81.243, -1.210,   none, 3D, 21.066,  1.474,  5.472,   248
81.360, -1.208, saddle, 3D, 21.150,  1.474,  5.554,   248
81.477, -1.231,   none, 3D, 21.233,  1.474,  5.635,   248
81.594, -1.281,   none, 3D, 21.317,  1.474,  5.717,   248
81.710, -1.359,   none, 3D, 21.400,  1.474,  5.799,   248
81.827, -1.460,   none, 3D, 22.144,  1.474,  0.000,   248
81.944, -1.580,   none, 3D, 22.227,  1.474,  0.082,   248
82.026, -1.718,   none, 3D, 22.218,  1.474,  0.163,   248
82.143, -1.862,   none, 3D, 22.302,  1.474,  0.245,   248
82.260, -1.999,   none, 3D, 22.385,  1.474,  0.327,   248
82.376, -2.123,   none, 3D, 22.469,  1.474,  0.408,   248
82.459, -2.228,   none, 3D, 22.460,  1.474,  0.490,   248
82.575, -2.319,   none, 3D, 22.543,  1.474,  0.572,   248
82.692, -2.384,   none, 3D, 22.627,  1.474,  0.653,   248
82.774, -2.429,   none, 3D, 22.617,  1.474,  0.735,   248
82.891, -2.449,   none, 3D, 22.701,  1.474,  0.817,   248
82.973, -2.453,    Li3, 3D, 22.692,  1.474,  0.898,   268
83.090, -2.430,   none, 3D, 22.775,  1.474,  0.980,   268
83.172, -2.394,   none, 3D, 22.766,  1.474,  1.062,   268
83.289, -2.333,   none, 3D, 22.849,  1.474,  1.143,   268
83.371, -2.256,   none, 3D, 22.840,  1.474,  1.225,   268
83.488, -2.165,   none, 3D, 22.924,  1.474,  1.307,   268
83.605, -2.063,   none, 3D, 23.007,  1.474,  1.388,   268
83.722, -1.953,   none, 3D, 23.091,  1.474,  1.470,   268
83.804, -1.841,   none, 3D, 23.082,  1.474,  1.552,   268
83.921, -1.746,   none, 3D, 23.165,  1.474,  1.633,   268
84.037, -1.662,   none, 3D, 23.248,  1.474,  1.715,   268
84.154, -1.595,   none, 3D, 23.332,  1.474,  1.797,   268
84.271, -1.545,   none, 3D, 23.415,  1.474,  1.878,   268
84.388, -1.515,   none, 3D, 23.499,  1.474,  1.960,   268
84.470, -1.507, saddle, 3D, 23.490,  1.474,  2.042,   268
84.587, -1.520,   none, 3D, 23.573,  1.474,  2.123,   268
84.703, -1.533,  Li_i4, 3D, 23.657,  1.474,  2.205,   274
84.835, -1.530,   none, 3D, 23.740,  1.412,  2.287,   274
84.897, -1.523,   none, 3D, 23.740,  1.351,  2.287,   274
85.008, -1.515, saddle, 3D, 23.833,  1.290,  2.287,   274
85.069, -1.518,   none, 3D, 23.833,  1.228,  2.287,   274
85.201, -1.526,   none, 3D, 23.916,  1.167,  2.368,   274
85.263, -1.544,   none, 3D, 23.916,  1.105,  2.368,   274
85.374, -1.580,   none, 3D, 24.009,  1.044,  2.368,   274
85.435, -1.622,   none, 3D, 24.009,  0.983,  2.368,   274
85.567, -1.675,   none, 3D, 24.092,  0.921,  2.450,   274
85.678, -1.765,   none, 3D, 24.185,  0.860,  2.450,   274
85.790, -1.851,   none, 3D, 24.278,  0.798,  2.450,   274
85.851, -1.938,   none, 3D, 24.278,  0.737,  2.450,   274
85.962, -2.028,   none, 3D, 24.370,  0.676,  2.450,   274
86.094, -2.125,   none, 3D, 24.454,  0.614,  2.532,   274
86.205, -2.206,   none, 3D, 24.547,  0.553,  2.532,   274
86.267, -2.276,   none, 3D, 24.547,  0.491,  2.532,   274
86.328, -2.337,   none, 3D, 24.547,  0.430,  2.532,   274
86.390, -2.388,   none, 3D, 24.547,  0.368,  2.532,   274
86.451, -2.431,   none, 3D, 24.547,  0.307,  2.532,   274
86.512, -2.464,   none, 3D, 24.547,  0.246,  2.532,   274
86.574, -2.490,   none, 3D, 24.547,  0.184,  2.532,   274
86.635, -2.508,   none, 3D, 24.547,  0.123,  2.532,   274
86.697, -2.518,   none, 3D, 24.547,  0.061,  2.532,   274
86.758, -2.522,    Li2, 3D, 24.547,  0.000,  2.532,   280
86.819, -2.518,   none, 3D, 24.547,  0.061,  2.532,   280
86.881, -2.508,   none, 3D, 24.547,  0.123,  2.532,   280
86.942, -2.490,   none, 3D, 24.547,  0.184,  2.532,   280
87.004, -2.464,   none, 3D, 24.547,  0.246,  2.532,   280
87.065, -2.431,   none, 3D, 24.547,  0.307,  2.532,   280
87.126, -2.388,   none, 3D, 24.547,  0.368,  2.532,   280
87.188, -2.337,   none, 3D, 24.547,  0.430,  2.532,   280
87.249, -2.276,   none, 3D, 24.547,  0.491,  2.532,   280
87.311, -2.206,   none, 3D, 24.547,  0.553,  2.532,   280
87.372, -2.126,   none, 3D, 24.547,  0.614,  2.532,   280
87.434, -2.037,   none, 3D, 24.547,  0.676,  2.532,   280
87.545, -1.922,   none, 3D, 24.639,  0.737,  2.532,   280
87.677, -1.807,   none, 3D, 24.723,  0.798,  2.613,   280
87.788, -1.708,   none, 3D, 24.815,  0.860,  2.613,   280
87.899, -1.608,   none, 3D, 24.908,  0.921,  2.613,   280
88.031, -1.514,   none, 3D, 24.991,  0.983,  2.695,   280
88.142, -1.462,   none, 3D, 25.084,  1.044,  2.695,   280
88.203, -1.436,   none, 3D, 25.084,  1.105,  2.695,   280
88.265, -1.408,   none, 3D, 25.084,  1.167,  2.695,   280
88.376, -1.405, saddle, 3D, 25.177,  1.228,  2.695,   280
88.508, -1.409,   none, 3D, 25.260,  1.290,  2.777,   280
88.569, -1.417,   none, 3D, 25.260,  1.351,  2.777,   280
88.681, -1.427,   none, 3D, 25.353,  1.412,  2.777,   280
91.939, -2.453,    Li3, 0D, 22.692,  1.474,  0.898,   260
92.000, -2.448,   none, 0D, 22.692,  1.412,  0.898,   260
92.061, -2.435,   none, 0D, 22.692,  1.351,  0.898,   260
92.123, -2.413,   none, 0D, 22.692,  1.290,  0.898,   260
92.184, -2.381,   none, 0D, 22.692,  1.228,  0.898,   260
92.246, -2.339,   none, 0D, 22.692,  1.167,  0.898,   260
92.307, -2.287,   none, 0D, 22.692,  1.105,  0.898,   260
92.368, -2.224,   none, 0D, 22.692,  1.044,  0.898,   260
92.480, -2.152,   none, 0D, 22.784,  0.983,  0.898,   260
92.541, -2.071,   none, 0D, 22.784,  0.921,  0.898,   260
92.652, -1.979,   none, 0D, 22.877,  0.860,  0.898,   260
92.763, -1.878,   none, 0D, 22.970,  0.798,  0.898,   260
92.895, -1.782,   none, 0D, 23.053,  0.737,  0.980,   260
93.006, -1.696,   none, 0D, 23.146,  0.676,  0.980,   260
93.068, -1.627,   none, 0D, 23.146,  0.614,  0.980,   260
93.179, -1.554,   none, 0D, 23.238,  0.553,  0.980,   260
93.240, -1.503,   none, 0D, 23.238,  0.491,  0.980,   260
93.372, -1.452,   none, 0D, 23.322,  0.430,  1.062,   260
93.483, -1.428,   none, 0D, 23.415,  0.368,  1.062,   260
93.545, -1.420,   none, 0D, 23.415,  0.307,  1.062,   260
93.606, -1.409,   none, 0D, 23.415,  0.246,  1.062,   260
93.738, -1.408, saddle, 0D, 23.498,  0.184,  1.143,   260
93.849, -1.423,   none, 0D, 23.591,  0.123,  1.143,   260
93.981, -1.434,   none, 0D, 23.674,  0.061,  1.225,   260
94.113, -1.444,   none, 0D, 23.758,  0.000,  1.307,   260
94.230, -1.457,   none, 0D, 23.841,  0.000,  1.388,   260
94.312, -1.494,   none, 0D, 23.832,  0.000,  1.470,   260
94.429, -1.558,   none, 0D, 23.915,  0.000,  1.552,   260
94.546, -1.641,   none, 0D, 23.999,  0.000,  1.633,   260
94.663, -1.739,   none, 0D, 24.082,  0.000,  1.715,   260
94.779, -1.849,   none, 0D, 24.166,  0.000,  1.797,   260
94.896, -1.965,   none, 0D, 24.249,  0.000,  1.878,   260
94.978, -2.088,   none, 0D, 24.240,  0.000,  1.960,   260
95.095, -2.204,   none, 0D, 24.324,  0.000,  2.042,   260
95.212, -2.303,   none, 0D, 24.407,  0.000,  2.123,   260
95.294, -2.388,   none, 0D, 24.398,  0.000,  2.205,   260
95.411, -2.451,   none, 0D, 24.481,  0.000,  2.287,   260
95.493, -2.497,   none, 0D, 24.472,  0.000,  2.368,   260
95.575, -2.519,   none, 0D, 24.463,  0.000,  2.450,   260
95.692, -2.522,    Li2, 0D, 24.547,  0.000,  2.532,   275
95.753, -2.518,   none, 0D, 24.547,  0.061,  2.532,   275
95.815, -2.508,   none, 0D, 24.547,  0.123,  2.532,   275
95.876, -2.490,   none, 0D, 24.547,  0.184,  2.532,   275
95.938, -2.464,   none, 0D, 24.547,  0.246,  2.532,   275
95.999, -2.431,   none, 0D, 24.547,  0.307,  2.532,   275
96.061, -2.388,   none, 0D, 24.547,  0.368,  2.532,   275
96.122, -2.337,   none, 0D, 24.547,  0.430,  2.532,   275
96.183, -2.276,   none, 0D, 24.547,  0.491,  2.532,   275
96.245, -2.206,   none, 0D, 24.547,  0.553,  2.532,   275
96.356, -2.125,   none, 0D, 24.454,  0.614,  2.532,   275
96.488, -2.028,   none, 0D, 24.370,  0.676,  2.450,   275
96.599, -1.938,   none, 0D, 24.278,  0.737,  2.450,   275
96.660, -1.851,   none, 0D, 24.278,  0.798,  2.450,   275
96.772, -1.765,   none, 0D, 24.185,  0.860,  2.450,   275
96.883, -1.675,   none, 0D, 24.092,  0.921,  2.450,   275
97.015, -1.622,   none, 0D, 24.009,  0.983,  2.368,   275
97.076, -1.580,   none, 0D, 24.009,  1.044,  2.368,   275
97.187, -1.544,   none, 0D, 23.916,  1.105,  2.368,   275
97.249, -1.526,   none, 0D, 23.916,  1.167,  2.368,   275
97.381, -1.518,   none, 0D, 23.833,  1.228,  2.287,   275
97.442, -1.515, saddle, 0D, 23.833,  1.290,  2.287,   275
97.553, -1.523,   none, 0D, 23.740,  1.351,  2.287,   275
97.615, -1.530,   none, 0D, 23.740,  1.412,  2.287,   275
97.747, -1.533,  Li_i4, 0D, 23.657,  1.474,  2.205,   269
97.863, -1.520,   none, 0D, 23.573,  1.474,  2.123,   269
97.980, -1.507, saddle, 0D, 23.490,  1.474,  2.042,   269
98.062, -1.515,   none, 0D, 23.499,  1.474,  1.960,   269
98.179, -1.545,   none, 0D, 23.415,  1.474,  1.878,   269
98.296, -1.595,   none, 0D, 23.332,  1.474,  1.797,   269
98.413, -1.662,   none, 0D, 23.248,  1.474,  1.715,   269
98.529, -1.746,   none, 0D, 23.165,  1.474,  1.633,   269
98.646, -1.841,   none, 0D, 23.082,  1.474,  1.552,   269
98.728, -1.953,   none, 0D, 23.091,  1.474,  1.470,   269
98.845, -2.063,   none, 0D, 23.007,  1.474,  1.388,   269
98.962, -2.165,   none, 0D, 22.924,  1.474,  1.307,   269
99.079, -2.256,   none, 0D, 22.840,  1.474,  1.225,   269
99.161, -2.333,   none, 0D, 22.849,  1.474,  1.143,   269
99.278, -2.394,   none, 0D, 22.766,  1.474,  1.062,   269
99.360, -2.430,   none, 0D, 22.775,  1.474,  0.980,   269
