r_coor, energy,   site, dn,      x,      y,      z, index
10.589, -2.632,    Li4, 1D,  1.674, 10.170,  2.428,   146
10.671, -2.625,   none, 1D,  1.721, 10.170,  2.496,   146
10.741, -2.617,   none, 1D,  1.792, 10.170,  2.496,   146
10.823, -2.595,   none, 1D,  1.838, 10.170,  2.563,   146
10.894, -2.574,   none, 1D,  1.909, 10.170,  2.563,   146
10.965, -2.540,   none, 1D,  1.980, 10.170,  2.563,   146
11.047, -2.504,   none, 1D,  2.026, 10.170,  2.631,   146
11.118, -2.463,   none, 1D,  2.097, 10.170,  2.631,   146
11.200, -2.413,   none, 1D,  2.143, 10.170,  2.698,   146
11.270, -2.370,   none, 1D,  2.214, 10.170,  2.698,   146
11.341, -2.322,   none, 1D,  2.285, 10.170,  2.698,   146
11.423, -2.272,   none, 1D,  2.332, 10.170,  2.766,   146
11.494, -2.234,   none, 1D,  2.402, 10.170,  2.766,   146
11.565, -2.198,   none, 1D,  2.473, 10.170,  2.766,   146
11.635, -2.163,   none, 1D,  2.544, 10.170,  2.766,   146
11.717, -2.146,   none, 1D,  2.590, 10.170,  2.833,   146
11.788, -2.137,   none, 1D,  2.661, 10.170,  2.833,   146
11.859, -2.133, saddle, 1D,  2.732, 10.170,  2.833,   146
11.941, -2.141,   none, 1D,  2.779, 10.170,  2.901,   146
12.012, -2.164,   none, 1D,  2.849, 10.170,  2.901,   146
12.083, -2.191,   none, 1D,  2.920, 10.170,  2.901,   146
12.164, -2.220,   none, 1D,  2.967, 10.170,  2.968,   146
12.235, -2.265,   none, 1D,  3.037, 10.170,  2.968,   146
12.306, -2.308,   none, 1D,  3.108, 10.170,  2.968,   146
12.377, -2.345,   none, 1D,  3.179, 10.170,  2.968,   146
12.459, -2.382,   none, 1D,  3.226, 10.170,  3.036,   146
12.530, -2.408,   none, 1D,  3.296, 10.170,  3.036,   146
12.600, -2.416,  Li_i1, 1D,  3.367, 10.170,  3.036,   210
12.695, -2.396,   none, 1D,  3.367, 10.075,  3.036,   210
12.812, -2.338,   none, 1D,  3.438,  9.981,  3.036,   210
12.931, -2.275,   none, 1D,  3.462,  9.887,  2.968,   210
13.081, -2.212,   none, 1D,  3.557,  9.793,  2.901,   210
13.198, -2.166,   none, 1D,  3.628,  9.699,  2.901,   210
13.317, -2.158, saddle, 1D,  3.652,  9.605,  2.833,   210
13.467, -2.181,   none, 1D,  3.747,  9.510,  2.766,   210
13.616, -2.229,   none, 1D,  3.843,  9.416,  2.698,   210
13.766, -2.296,   none, 1D,  3.938,  9.322,  2.631,   210
13.916, -2.374,   none, 1D,  4.033,  9.228,  2.563,   210
14.066, -2.451,   none, 1D,  4.128,  9.134,  2.496,   210
14.216, -2.513,   none, 1D, -0.874,  9.040,  2.428,   210
14.310, -2.551,   none, 1D, -0.874,  8.945,  2.428,   210
14.404, -2.569,    Li3, 1D, -0.874,  8.851,  2.428,     2
14.498, -2.551,   none, 1D, -0.874,  8.945,  2.428,     2
14.593, -2.513,   none, 1D, -0.874,  9.040,  2.428,     2
14.742, -2.451,   none, 1D, -0.779,  9.134,  2.361,     2
14.892, -2.374,   none, 1D, -0.684,  9.228,  2.294,     2
15.042, -2.296,   none, 1D, -0.589,  9.322,  2.226,     2
15.192, -2.229,   none, 1D, -0.494,  9.416,  2.159,     2
15.342, -2.181,   none, 1D, -0.399,  9.510,  2.091,     2
15.492, -2.158, saddle, 1D, -0.304,  9.605,  2.024,     2
15.610, -2.166,   none, 1D, -0.280,  9.699,  1.956,     2
15.728, -2.212,   none, 1D, -0.209,  9.793,  1.956,     2
15.878, -2.275,   none, 1D, -0.114,  9.887,  1.889,     2
15.996, -2.338,   none, 1D, -0.089,  9.981,  1.821,     2
16.114, -2.396,   none, 1D, -0.019, 10.075,  1.821,     2
16.208, -2.416,  Li_i1, 1D, -0.019, 10.170,  1.821,    68
16.279, -2.408,   none, 1D,  0.052, 10.170,  1.821,    68
16.350, -2.382,   none, 1D,  0.123, 10.170,  1.821,    68
16.432, -2.345,   none, 1D,  0.169, 10.170,  1.889,    68
16.502, -2.308,   none, 1D,  0.240, 10.170,  1.889,    68
16.573, -2.265,   none, 1D,  0.311, 10.170,  1.889,    68
16.644, -2.220,   none, 1D,  0.382, 10.170,  1.889,    68
16.726, -2.191,   none, 1D,  0.428, 10.170,  1.956,    68
16.797, -2.164,   none, 1D,  0.499, 10.170,  1.956,    68
16.867, -2.141,   none, 1D,  0.570, 10.170,  1.956,    68
16.949, -2.133, saddle, 1D,  0.616, 10.170,  2.024,    68
17.020, -2.137,   none, 1D,  0.687, 10.170,  2.024,    68
17.091, -2.146,   none, 1D,  0.758, 10.170,  2.024,    68
17.173, -2.163,   none, 1D,  0.805, 10.170,  2.091,    68
17.244, -2.198,   none, 1D,  0.875, 10.170,  2.091,    68
17.314, -2.234,   none, 1D,  0.946, 10.170,  2.091,    68
17.385, -2.272,   none, 1D,  1.017, 10.170,  2.091,    68
17.467, -2.322,   none, 1D,  1.063, 10.170,  2.159,    68
17.538, -2.370,   none, 1D,  1.134, 10.170,  2.159,    68
17.609, -2.413,   none, 1D,  1.205, 10.170,  2.159,    68
17.691, -2.463,   none, 1D,  1.252, 10.170,  2.226,    68
17.762, -2.504,   none, 1D,  1.322, 10.170,  2.226,    68
17.843, -2.540,   none, 1D,  1.369, 10.170,  2.294,    68
17.914, -2.574,   none, 1D,  1.440, 10.170,  2.294,    68
17.985, -2.595,   none, 1D,  1.510, 10.170,  2.294,    68
18.067, -2.617,   none, 1D,  1.557, 10.170,  2.361,    68
18.138, -2.625,   none, 1D,  1.628, 10.170,  2.361,    68
20.003, -2.416,  Li_i1, 2D,  3.367, 10.170,  3.036,   214
20.075, -2.409,   none, 2D,  3.343, 10.170,  3.103,   214
20.157, -2.378,   none, 2D,  3.389, 10.170,  3.170,   214
20.229, -2.340,   none, 2D,  3.365, 10.170,  3.238,   214
20.300, -2.289,   none, 2D,  3.341, 10.170,  3.305,   214
20.382, -2.233,   none, 2D,  3.387, 10.170,  3.373,   214
20.454, -2.184,   none, 2D,  3.363, 10.170,  3.440,   214
20.526, -2.131,   none, 2D,  3.339, 10.170,  3.508,   214
20.608, -2.088,   none, 2D,  3.385, 10.170,  3.575,   214
20.679, -2.056,   none, 2D,  3.361, 10.170,  3.643,   214
20.751, -2.026,   none, 2D,  3.337, 10.170,  3.710,   214
20.833, -2.015,   none, 2D,  3.383, 10.170,  3.778,   214
20.905, -2.013, saddle, 2D,  3.359, 10.170,  3.845,   214
20.976, -2.015,   none, 2D,  3.335, 10.170,  3.912,   214
21.058, -2.040,   none, 2D,  3.381, 10.170,  3.980,   214
21.130, -2.066,   none, 2D,  3.357, 10.170,  4.047,   214
21.212, -2.098,   none, 2D,  3.403, 10.170,  4.115,   214
21.284, -2.143,   none, 2D,  3.379, 10.170,  4.182,   214
21.355, -2.186,   none, 2D,  3.355, 10.170,  4.250,   214
21.437, -2.230,   none, 2D,  3.401, 10.170,  4.317,   214
21.509, -2.278,   none, 2D,  3.377, 10.170,  4.385,   214
21.581, -2.319,   none, 2D,  3.353, 10.170,  4.452,   214
21.663, -2.356,   none, 2D,  3.399, 10.170,  4.520,   214
21.734, -2.392,   none, 2D,  3.375, 10.170,  4.587,   214
21.806, -2.419,   none, 2D,  3.351, 10.170,  4.655,   214
21.878, -2.437,   none, 2D,  3.326, 10.170,  4.722,   214
21.960, -2.451,   none, 2D, -1.724, 10.170,  4.789,   214
22.031, -2.455,    Li5, 2D,  0.000, 10.170,  0.000,     0
22.103, -2.451,   none, 2D, -0.024, 10.170,  0.067,     0
22.185, -2.437,   none, 2D,  0.022, 10.170,  0.135,     0
22.257, -2.419,   none, 2D, -0.002, 10.170,  0.202,     0
22.328, -2.392,   none, 2D, -0.026, 10.170,  0.270,     0
22.400, -2.356,   none, 2D, -0.051, 10.170,  0.337,     0
22.482, -2.319,   none, 2D, -0.004, 10.170,  0.405,     0
22.554, -2.278,   none, 2D, -0.028, 10.170,  0.472,     0
22.625, -2.230,   none, 2D, -0.053, 10.170,  0.540,     0
22.707, -2.186,   none, 2D, -0.006, 10.170,  0.607,     0
22.779, -2.143,   none, 2D, -0.030, 10.170,  0.675,     0
22.851, -2.098,   none, 2D, -0.055, 10.170,  0.742,     0
22.933, -2.066,   none, 2D, -0.008, 10.170,  0.809,     0
23.004, -2.040,   none, 2D, -0.033, 10.170,  0.877,     0
23.086, -2.015,   none, 2D,  0.014, 10.170,  0.944,     0
23.158, -2.013, saddle, 2D, -0.010, 10.170,  1.012,     0
23.230, -2.015,   none, 2D, -0.035, 10.170,  1.079,     0
23.312, -2.026,   none, 2D,  0.012, 10.170,  1.147,     0
23.383, -2.056,   none, 2D, -0.012, 10.170,  1.214,     0
23.455, -2.088,   none, 2D, -0.037, 10.170,  1.282,     0
23.537, -2.131,   none, 2D,  0.010, 10.170,  1.349,     0
23.609, -2.184,   none, 2D, -0.014, 10.170,  1.417,     0
23.680, -2.233,   none, 2D, -0.039, 10.170,  1.484,     0
23.762, -2.289,   none, 2D,  0.008, 10.170,  1.552,     0
23.834, -2.340,   none, 2D, -0.017, 10.170,  1.619,     0
23.906, -2.378,   none, 2D, -0.041, 10.170,  1.686,     0
23.988, -2.409,   none, 2D,  0.006, 10.170,  1.754,     0
32.904, -1.425,  Li_i2, 3D,  3.252,  1.507,  2.766,   198
32.974, -1.424,   none, 3D,  3.323,  1.507,  2.766,   198
33.092, -1.397,   none, 3D,  3.393,  1.601,  2.766,   198
33.210, -1.361,   none, 3D,  3.464,  1.695,  2.766,   198
33.328, -1.332, saddle, 3D,  3.535,  1.789,  2.766,   198
33.478, -1.337,   none, 3D,  3.630,  1.883,  2.698,   198
33.596, -1.386,   none, 3D,  3.701,  1.977,  2.698,   198
33.745, -1.476,   none, 3D,  3.796,  2.072,  2.631,   198
33.863, -1.607,   none, 3D,  3.867,  2.166,  2.631,   198
34.013, -1.778,   none, 3D,  3.962,  2.260,  2.563,   198
34.163, -1.959,   none, 3D,  4.057,  2.354,  2.496,   198
34.313, -2.130,   none, 3D,  4.152,  2.448,  2.428,   198
34.431, -2.283,   none, 3D, -0.874,  2.542,  2.428,   198
34.525, -2.397,   none, 3D, -0.874,  2.637,  2.428,   198
34.619, -2.479,   none, 3D, -0.874,  2.731,  2.428,   198
34.713, -2.533,   none, 3D, -0.874,  2.825,  2.428,   198
34.807, -2.559,    Li1, 3D, -0.874,  2.919,  2.428,     6
34.901, -2.533,   none, 3D, -0.874,  2.825,  2.428,     6
34.996, -2.479,   none, 3D, -0.874,  2.731,  2.428,     6
35.090, -2.397,   none, 3D, -0.874,  2.637,  2.428,     6
35.184, -2.283,   none, 3D, -0.874,  2.542,  2.428,     6
35.302, -2.130,   none, 3D, -0.804,  2.448,  2.428,     6
35.452, -1.959,   none, 3D, -0.708,  2.354,  2.361,     6
35.601, -1.778,   none, 3D, -0.613,  2.260,  2.294,     6
35.751, -1.607,   none, 3D, -0.518,  2.166,  2.226,     6
35.869, -1.476,   none, 3D, -0.448,  2.072,  2.226,     6
36.019, -1.386,   none, 3D, -0.352,  1.977,  2.159,     6
36.137, -1.337,   none, 3D, -0.282,  1.883,  2.159,     6
36.287, -1.332, saddle, 3D, -0.187,  1.789,  2.091,     6
36.404, -1.361,   none, 3D, -0.116,  1.695,  2.091,     6
36.522, -1.397,   none, 3D, -0.045,  1.601,  2.091,     6
36.640, -1.424,   none, 3D,  0.026,  1.507,  2.091,     6
36.711, -1.425,  Li_i2, 3D,  0.097,  1.507,  2.091,    22
36.782, -1.422,   none, 3D,  0.167,  1.507,  2.091,    22
36.852, -1.419, saddle, 3D,  0.238,  1.507,  2.091,    22
36.977, -1.423,   none, 3D,  0.285,  1.412,  2.159,    22
37.048, -1.446,   none, 3D,  0.356,  1.412,  2.159,    22
37.119, -1.475,   none, 3D,  0.426,  1.412,  2.159,    22
37.190, -1.510,   none, 3D,  0.497,  1.412,  2.159,    22
37.272, -1.555,   none, 3D,  0.544,  1.412,  2.226,    22
37.342, -1.624,   none, 3D,  0.614,  1.412,  2.226,    22
37.413, -1.696,   none, 3D,  0.685,  1.412,  2.226,    22
37.484, -1.769,   none, 3D,  0.756,  1.412,  2.226,    22
37.566, -1.851,   none, 3D,  0.803,  1.412,  2.294,    22
37.637, -1.942,   none, 3D,  0.873,  1.412,  2.294,    22
37.707, -2.028,   none, 3D,  0.944,  1.412,  2.294,    22
37.778, -2.108,   none, 3D,  1.015,  1.412,  2.294,    22
37.860, -2.194,   none, 3D,  1.061,  1.412,  2.361,    22
37.931, -2.271,   none, 3D,  1.132,  1.412,  2.361,    22
38.002, -2.338,   none, 3D,  1.203,  1.412,  2.361,    22
38.084, -2.397,   none, 3D,  1.249,  1.412,  2.428,    22
38.154, -2.451,   none, 3D,  1.320,  1.412,  2.428,    22
38.225, -2.494,   none, 3D,  1.391,  1.412,  2.428,    22
38.343, -2.527,   none, 3D,  1.462,  1.318,  2.428,    22
38.414, -2.550,   none, 3D,  1.533,  1.318,  2.428,    22
38.485, -2.564,   none, 3D,  1.603,  1.318,  2.428,    22
38.555, -2.569,    Li3, 3D,  1.674,  1.318,  2.428,   190
38.626, -2.564,   none, 3D,  1.745,  1.318,  2.428,   190
38.697, -2.550,   none, 3D,  1.816,  1.318,  2.428,   190
38.768, -2.527,   none, 3D,  1.887,  1.318,  2.428,   190
38.886, -2.494,   none, 3D,  1.957,  1.412,  2.428,   190
38.956, -2.451,   none, 3D,  2.028,  1.412,  2.428,   190
39.027, -2.397,   none, 3D,  2.099,  1.412,  2.428,   190
39.109, -2.338,   none, 3D,  2.146,  1.412,  2.496,   190
39.180, -2.271,   none, 3D,  2.216,  1.412,  2.496,   190
39.251, -2.194,   none, 3D,  2.287,  1.412,  2.496,   190
39.333, -2.108,   none, 3D,  2.334,  1.412,  2.563,   190
39.403, -2.028,   none, 3D,  2.404,  1.412,  2.563,   190
39.474, -1.942,   none, 3D,  2.475,  1.412,  2.563,   190
39.545, -1.851,   none, 3D,  2.546,  1.412,  2.563,   190
39.627, -1.769,   none, 3D,  2.593,  1.412,  2.631,   190
39.698, -1.696,   none, 3D,  2.663,  1.412,  2.631,   190
39.769, -1.624,   none, 3D,  2.734,  1.412,  2.631,   190
39.839, -1.555,   none, 3D,  2.805,  1.412,  2.631,   190
39.921, -1.510,   none, 3D,  2.851,  1.412,  2.698,   190
39.992, -1.475,   none, 3D,  2.922,  1.412,  2.698,   190
40.063, -1.446,   none, 3D,  2.993,  1.412,  2.698,   190
40.134, -1.423,   none, 3D,  3.064,  1.412,  2.698,   190
40.259, -1.419, saddle, 3D,  3.110,  1.507,  2.766,   190
40.329, -1.422,   none, 3D,  3.181,  1.507,  2.766,   190
50.370, -2.569,    Li3, 3D, -0.874, 11.488,  2.428,    12
50.465, -2.568,   none, 3D, -0.874, 11.582,  2.428,    12
50.559, -2.547,   none, 3D, -0.874, 11.676,  2.428,    12
50.653, -2.508,   none, 3D, -0.874, 11.770,  2.428,    12
50.747, -2.448,   none, 3D, -0.874, 11.864,  2.428,    12
50.841, -2.366,   none, 3D, -0.874, 11.959,  2.428,    12
50.935, -2.261,   none, 3D, -0.874, 12.053,  2.428,    12
51.085, -2.127,   none, 3D, -0.779, 12.147,  2.361,    12
51.203, -1.974,   none, 3D, -0.708, 12.241,  2.361,    12
51.353, -1.817,   none, 3D, -0.613, 12.335,  2.294,    12
51.503, -1.668,   none, 3D, -0.518, 12.429,  2.226,    12
51.653, -1.533,   none, 3D, -0.423, 12.524,  2.159,    12
51.770, -1.441,   none, 3D, -0.352, 12.618,  2.159,    12
51.920, -1.371,   none, 3D, -0.257, 12.712,  2.091,    12
52.038, -1.347,   none, 3D, -0.187, 12.806,  2.091,    12
52.132, -1.340, saddle, 3D, -0.187, 12.900,  2.091,    12
52.250, -1.345,   none, 3D, -0.116, 12.994,  2.091,    12
52.368, -1.354,   none, 3D, -0.091, 13.089,  2.024,    12
52.487, -1.354,   none, 3D, -0.116, 13.183,  2.091,    12
52.605, -1.356,   none, 3D, -0.187, 13.277,  2.091,    12
52.699, -1.364,   none, 3D, -0.187, 13.371,  2.091,    12
52.817, -1.387,   none, 3D, -0.257, 13.465,  2.091,    12
52.966, -1.465,   none, 3D, -0.352, 13.559,  2.159,    12
53.116, -1.565,   none, 3D, -0.448, 13.654,  2.226,    12
53.234, -1.703,   none, 3D, -0.518, 13.748,  2.226,    12
53.384, -1.863,   none, 3D, -0.613, 13.842,  2.294,    12
53.534, -2.025,   none, 3D, -0.708, 13.936,  2.361,    12
53.684, -2.172,   none, 3D, -0.804, 14.030,  2.428,    12
53.801, -2.296,   none, 3D, -0.874, 14.124,  2.428,    12
53.896, -2.385,   none, 3D, -0.874, 14.219,  2.428,    12
53.990, -2.448,   none, 3D, -0.874, 14.313,  2.428,    12
54.084, -2.488,   none, 3D, -0.874, 14.407,  2.428,    12
54.178, -2.505,    Li2, 3D, -0.874, 14.501,  2.428,    14
54.272, -2.501,   none, 3D, -0.874, 14.595,  2.428,    14
54.366, -2.476,   none, 3D, -0.874, 14.689,  2.428,    14
54.461, -2.430,   none, 3D, -0.874, 14.783,  2.428,    14
54.555, -2.361,   none, 3D, -0.874, 14.878,  2.428,    14
54.649, -2.269,   none, 3D, -0.874, 14.972,  2.428,    14
54.767, -2.145,   none, 3D, -0.804, 15.066,  2.428,    14
54.917, -2.002,   none, 3D, -0.708, 15.160,  2.361,    14
55.066, -1.848,   none, 3D, -0.613, 15.254,  2.294,    14
55.216, -1.698,   none, 3D, -0.518, 15.348,  2.226,    14
55.334, -1.573,   none, 3D, -0.448, 15.443,  2.226,    14
55.484, -1.484,   none, 3D, -0.352, 15.537,  2.159,    14
55.578, -1.423,   none, 3D, -0.352, 15.631,  2.159,    14
55.728, -1.400,   none, 3D, -0.257, 15.725,  2.091,    14
55.846, -1.400, saddle, 3D, -0.187, 15.819,  2.091,    14
55.964, -1.402,   none, 3D, -0.116, 15.913,  2.091,    14
56.058, -1.406,   none, 3D, -0.116, 16.008,  2.091,    14
56.176, -1.407,   none, 3D, -0.187, 16.102,  2.091,    14
56.270, -1.412,   none, 3D, -0.187, 16.196,  2.091,    14
56.388, -1.428,   none, 3D, -0.257, 16.290,  2.091,    14
56.537, -1.486,   none, 3D, -0.352, 16.384,  2.159,    14
56.655, -1.565,   none, 3D, -0.423, 16.478,  2.159,    14
56.805, -1.693,   none, 3D, -0.518, 16.573,  2.226,    14
56.955, -1.841,   none, 3D, -0.613, 16.667,  2.294,    14
57.105, -2.002,   none, 3D, -0.708, 16.761,  2.361,    14
57.223, -2.157,   none, 3D, -0.779, 16.855,  2.361,    14
57.372, -2.295,   none, 3D, -0.874, 16.949,  2.428,    14
57.467, -2.400,   none, 3D, -0.874, 17.043,  2.428,    14
57.561, -2.479,   none, 3D, -0.874, 17.138,  2.428,    14
57.655, -2.531,   none, 3D, -0.874, 17.232,  2.428,    14
57.749, -2.558,   none, 3D, -0.874, 17.326,  2.428,    14
57.843, -2.559,    Li1, 3D, -0.874, 17.420,  2.428,    16
57.937, -2.533,   none, 3D, -0.874, 17.514,  2.428,    16
58.032, -2.479,   none, 3D, -0.874, 17.608,  2.428,    16
58.126, -2.397,   none, 3D, -0.874, 17.703,  2.428,    16
58.220, -2.283,   none, 3D, -0.874, 17.797,  2.428,    16
58.338, -2.130,   none, 3D, -0.804, 17.891,  2.428,    16
58.488, -1.959,   none, 3D, -0.708, 17.985,  2.361,    16
58.637, -1.778,   none, 3D, -0.613, 18.079,  2.294,    16
58.787, -1.607,   none, 3D, -0.518, 18.173,  2.226,    16
58.905, -1.476,   none, 3D, -0.448, 18.267,  2.226,    16
59.055, -1.386,   none, 3D, -0.352, 18.362,  2.159,    16
59.173, -1.337,   none, 3D, -0.282, 18.456,  2.159,    16
59.323, -1.332, saddle, 3D, -0.187, 18.550,  2.091,    16
59.440, -1.361,   none, 3D, -0.116, 18.644,  2.091,    16
59.558, -1.397,   none, 3D, -0.045, 18.738,  2.091,    16
59.676, -1.424,   none, 3D,  0.026, 18.832,  2.091,    16
59.747, -1.425,  Li_i2, 3D,  0.097, 18.832,  2.091,    24
59.818, -1.422,   none, 3D,  0.167, 18.832,  2.091,    24
59.888, -1.419, saddle, 3D,  0.238, 18.832,  2.091,    24
60.013, -1.423,   none, 3D,  0.285, 18.927,  2.159,    24
60.084, -1.446,   none, 3D,  0.356, 18.927,  2.159,    24
60.155, -1.475,   none, 3D,  0.426, 18.927,  2.159,    24
60.226, -1.510,   none, 3D,  0.497, 18.927,  2.159,    24
60.308, -1.555,   none, 3D,  0.544, 18.927,  2.226,    24
60.378, -1.624,   none, 3D,  0.614, 18.927,  2.226,    24
60.449, -1.696,   none, 3D,  0.685, 18.927,  2.226,    24
60.520, -1.769,   none, 3D,  0.756, 18.927,  2.226,    24
60.602, -1.851,   none, 3D,  0.803, 18.927,  2.294,    24
60.673, -1.942,   none, 3D,  0.873, 18.927,  2.294,    24
60.743, -2.028,   none, 3D,  0.944, 18.927,  2.294,    24
60.814, -2.108,   none, 3D,  1.015, 18.927,  2.294,    24
60.896, -2.194,   none, 3D,  1.061, 18.927,  2.361,    24
60.967, -2.271,   none, 3D,  1.132, 18.927,  2.361,    24
61.038, -2.338,   none, 3D,  1.203, 18.927,  2.361,    24
61.120, -2.397,   none, 3D,  1.249, 18.927,  2.428,    24
61.190, -2.451,   none, 3D,  1.320, 18.927,  2.428,    24
61.261, -2.494,   none, 3D,  1.391, 18.927,  2.428,    24
61.379, -2.527,   none, 3D,  1.462, 19.021,  2.428,    24
61.450, -2.550,   none, 3D,  1.533, 19.021,  2.428,    24
61.521, -2.564,   none, 3D,  1.603, 19.021,  2.428,    24
64.158, -2.569,    Li3, 3D,  1.674,  1.318,  2.428,    23
64.229, -2.564,   none, 3D,  1.603,  1.318,  2.428,    23
64.300, -2.550,   none, 3D,  1.533,  1.318,  2.428,    23
64.371, -2.527,   none, 3D,  1.462,  1.318,  2.428,    23
64.488, -2.494,   none, 3D,  1.391,  1.412,  2.428,    23
64.559, -2.451,   none, 3D,  1.320,  1.412,  2.428,    23
64.630, -2.397,   none, 3D,  1.249,  1.412,  2.428,    23
64.712, -2.338,   none, 3D,  1.203,  1.412,  2.361,    23
64.783, -2.271,   none, 3D,  1.132,  1.412,  2.361,    23
64.853, -2.194,   none, 3D,  1.061,  1.412,  2.361,    23
64.935, -2.108,   none, 3D,  1.015,  1.412,  2.294,    23
65.006, -2.028,   none, 3D,  0.944,  1.412,  2.294,    23
65.077, -1.942,   none, 3D,  0.873,  1.412,  2.294,    23
65.148, -1.851,   none, 3D,  0.803,  1.412,  2.294,    23
65.230, -1.769,   none, 3D,  0.756,  1.412,  2.226,    23
65.301, -1.696,   none, 3D,  0.685,  1.412,  2.226,    23
65.371, -1.624,   none, 3D,  0.614,  1.412,  2.226,    23
65.442, -1.555,   none, 3D,  0.544,  1.412,  2.226,    23
65.524, -1.510,   none, 3D,  0.497,  1.412,  2.159,    23
65.595, -1.475,   none, 3D,  0.426,  1.412,  2.159,    23
65.666, -1.446,   none, 3D,  0.356,  1.412,  2.159,    23
65.736, -1.423,   none, 3D,  0.285,  1.412,  2.159,    23
65.861, -1.419, saddle, 3D,  0.238,  1.507,  2.091,    23
65.932, -1.422,   none, 3D,  0.167,  1.507,  2.091,    23
66.003, -1.425,  Li_i2, 3D,  0.097,  1.507,  2.091,     7
66.074, -1.424,   none, 3D,  0.026,  1.507,  2.091,     7
66.191, -1.397,   none, 3D, -0.045,  1.601,  2.091,     7
66.309, -1.361,   none, 3D, -0.116,  1.695,  2.091,     7
66.427, -1.332, saddle, 3D, -0.187,  1.789,  2.091,     7
66.577, -1.337,   none, 3D, -0.282,  1.883,  2.159,     7
66.695, -1.386,   none, 3D, -0.352,  1.977,  2.159,     7
66.845, -1.476,   none, 3D, -0.448,  2.072,  2.226,     7
66.962, -1.607,   none, 3D, -0.518,  2.166,  2.226,     7
67.112, -1.778,   none, 3D, -0.613,  2.260,  2.294,     7
67.262, -1.959,   none, 3D, -0.708,  2.354,  2.361,     7
67.412, -2.130,   none, 3D, -0.804,  2.448,  2.428,     7
67.530, -2.283,   none, 3D, -0.874,  2.542,  2.428,     7
67.624, -2.397,   none, 3D, -0.874,  2.637,  2.428,     7
67.718, -2.479,   none, 3D, -0.874,  2.731,  2.428,     7
67.812, -2.533,   none, 3D, -0.874,  2.825,  2.428,     7
67.906, -2.559,    Li1, 3D, -0.874,  2.919,  2.428,    26
68.001, -2.558,   none, 3D, -0.874,  3.013,  2.428,    26
68.095, -2.531,   none, 3D, -0.874,  3.107,  2.428,    26
68.189, -2.479,   none, 3D, -0.874,  3.202,  2.428,    26
68.283, -2.400,   none, 3D, -0.874,  3.296,  2.428,    26
68.377, -2.295,   none, 3D, -0.874,  3.390,  2.428,    26
68.527, -2.157,   none, 3D, -0.779,  3.484,  2.361,    26
68.645, -2.002,   none, 3D, -0.708,  3.578,  2.361,    26
68.795, -1.841,   none, 3D, -0.613,  3.672,  2.294,    26
68.945, -1.693,   none, 3D, -0.518,  3.766,  2.226,    26
69.094, -1.565,   none, 3D, -0.423,  3.861,  2.159,    26
69.212, -1.486,   none, 3D, -0.352,  3.955,  2.159,    26
69.362, -1.428,   none, 3D, -0.257,  4.049,  2.091,    26
69.480, -1.412,   none, 3D, -0.187,  4.143,  2.091,    26
69.574, -1.407,   none, 3D, -0.187,  4.237,  2.091,    26
69.692, -1.406,   none, 3D, -0.116,  4.331,  2.091,    26
69.763, -1.398,   none, 3D, -0.045,  4.331,  2.091,    26
69.834, -1.384,   none, 3D,  0.026,  4.331,  2.091,    26
69.904, -1.368,   none, 3D,  0.097,  4.331,  2.091,    26
69.975, -1.353,   none, 3D,  0.167,  4.331,  2.091,    26
70.046, -1.341,   none, 3D,  0.238,  4.331,  2.091,    26
70.117, -1.335,   none, 3D,  0.309,  4.331,  2.091,    26
70.187, -1.335, saddle, 3D,  0.380,  4.331,  2.091,    26
70.269, -1.352,   none, 3D,  0.426,  4.331,  2.159,    26
70.340, -1.390,   none, 3D,  0.497,  4.331,  2.159,    26
70.411, -1.435,   none, 3D,  0.568,  4.331,  2.159,    26
70.482, -1.487,   none, 3D,  0.639,  4.331,  2.159,    26
70.553, -1.544,   none, 3D,  0.709,  4.331,  2.159,    26
70.635, -1.629,   none, 3D,  0.756,  4.331,  2.226,    26
70.705, -1.715,   none, 3D,  0.827,  4.331,  2.226,    26
70.776, -1.800,   none, 3D,  0.898,  4.331,  2.226,    26
70.858, -1.884,   none, 3D,  0.944,  4.331,  2.294,    26
70.929, -1.981,   none, 3D,  1.015,  4.331,  2.294,    26
71.000, -2.071,   none, 3D,  1.086,  4.331,  2.294,    26
71.070, -2.153,   none, 3D,  1.156,  4.331,  2.294,    26
71.152, -2.228,   none, 3D,  1.203,  4.331,  2.361,    26
71.223, -2.301,   none, 3D,  1.274,  4.331,  2.361,    26
71.294, -2.362,   none, 3D,  1.345,  4.331,  2.361,    26
71.365, -2.412,   none, 3D,  1.415,  4.331,  2.361,    26
71.436, -2.450,   none, 3D,  1.486,  4.331,  2.361,    26
71.517, -2.480,   none, 3D,  1.533,  4.331,  2.428,    26
71.588, -2.499,   none, 3D,  1.603,  4.331,  2.428,    26
71.659, -2.505,    Li2, 3D,  1.674,  4.331,  2.428,    93
71.753, -2.501,   none, 3D,  1.674,  4.426,  2.428,    93
71.847, -2.476,   none, 3D,  1.674,  4.520,  2.428,    93
71.942, -2.430,   none, 3D,  1.674,  4.614,  2.428,    93
72.036, -2.361,   none, 3D,  1.674,  4.708,  2.428,    93
72.130, -2.269,   none, 3D,  1.674,  4.802,  2.428,    93
72.248, -2.145,   none, 3D,  1.603,  4.896,  2.428,    93
72.398, -2.002,   none, 3D,  1.508,  4.991,  2.496,    93
72.547, -1.848,   none, 3D,  1.413,  5.085,  2.563,    93
72.697, -1.698,   none, 3D,  1.318,  5.179,  2.631,    93
72.815, -1.573,   none, 3D,  1.247,  5.273,  2.631,    93
72.965, -1.484,   none, 3D,  1.152,  5.367,  2.698,    93
73.059, -1.423,   none, 3D,  1.152,  5.461,  2.698,    93
73.209, -1.400,   none, 3D,  1.057,  5.556,  2.766,    93
73.327, -1.400, saddle, 3D,  0.986,  5.650,  2.766,    93
73.445, -1.402,   none, 3D,  0.916,  5.744,  2.766,    93
73.539, -1.406,   none, 3D,  0.916,  5.838,  2.766,    93
73.657, -1.407,   none, 3D,  0.986,  5.932,  2.766,    93
73.751, -1.412,   none, 3D,  0.986,  6.026,  2.766,    93
73.868, -1.428,   none, 3D,  1.057,  6.121,  2.766,    93
74.018, -1.486,   none, 3D,  1.152,  6.215,  2.698,    93
74.136, -1.565,   none, 3D,  1.223,  6.309,  2.698,    93
74.286, -1.693,   none, 3D,  1.318,  6.403,  2.631,    93
74.436, -1.841,   none, 3D,  1.413,  6.497,  2.563,    93
74.586, -2.002,   none, 3D,  1.508,  6.591,  2.496,    93
74.704, -2.157,   none, 3D,  1.579,  6.686,  2.496,    93
74.853, -2.295,   none, 3D,  1.674,  6.780,  2.428,    93
74.948, -2.400,   none, 3D,  1.674,  6.874,  2.428,    93
75.042, -2.479,   none, 3D,  1.674,  6.968,  2.428,    93
75.136, -2.531,   none, 3D,  1.674,  7.062,  2.428,    93
75.230, -2.558,   none, 3D,  1.674,  7.156,  2.428,    93
75.324, -2.559,    Li1, 3D,  1.674,  7.250,  2.428,    95
75.418, -2.533,   none, 3D,  1.674,  7.345,  2.428,    95
75.513, -2.479,   none, 3D,  1.674,  7.439,  2.428,    95
75.607, -2.397,   none, 3D,  1.674,  7.533,  2.428,    95
75.701, -2.283,   none, 3D,  1.674,  7.627,  2.428,    95
75.819, -2.130,   none, 3D,  1.603,  7.721,  2.428,    95
75.969, -1.959,   none, 3D,  1.508,  7.815,  2.496,    95
76.118, -1.778,   none, 3D,  1.413,  7.910,  2.563,    95
76.268, -1.607,   none, 3D,  1.318,  8.004,  2.631,    95
76.386, -1.476,   none, 3D,  1.247,  8.098,  2.631,    95
76.536, -1.386,   none, 3D,  1.152,  8.192,  2.698,    95
76.654, -1.337,   none, 3D,  1.082,  8.286,  2.698,    95
76.804, -1.332, saddle, 3D,  0.986,  8.380,  2.766,    95
76.921, -1.361,   none, 3D,  0.916,  8.475,  2.766,    95
77.039, -1.397,   none, 3D,  0.845,  8.569,  2.766,    95
77.157, -1.424,   none, 3D,  0.774,  8.663,  2.766,    95
77.228, -1.425,  Li_i2, 3D,  0.703,  8.663,  2.766,    83
77.299, -1.422,   none, 3D,  0.632,  8.663,  2.766,    83
77.369, -1.419, saddle, 3D,  0.562,  8.663,  2.766,    83
77.494, -1.423,   none, 3D,  0.515,  8.757,  2.698,    83
77.565, -1.446,   none, 3D,  0.444,  8.757,  2.698,    83
77.636, -1.475,   none, 3D,  0.374,  8.757,  2.698,    83
77.707, -1.510,   none, 3D,  0.303,  8.757,  2.698,    83
77.789, -1.555,   none, 3D,  0.256,  8.757,  2.631,    83
77.859, -1.624,   none, 3D,  0.186,  8.757,  2.631,    83
77.930, -1.696,   none, 3D,  0.115,  8.757,  2.631,    83
78.001, -1.769,   none, 3D,  0.044,  8.757,  2.631,    83
78.083, -1.851,   none, 3D, -0.003,  8.757,  2.563,    83
78.154, -1.942,   none, 3D, -0.073,  8.757,  2.563,    83
78.224, -2.028,   none, 3D, -0.144,  8.757,  2.563,    83
78.295, -2.108,   none, 3D, -0.215,  8.757,  2.563,    83
78.377, -2.194,   none, 3D, -0.261,  8.757,  2.496,    83
78.448, -2.271,   none, 3D, -0.332,  8.757,  2.496,    83
78.519, -2.338,   none, 3D, -0.403,  8.757,  2.496,    83
78.601, -2.397,   none, 3D, -0.450,  8.757,  2.428,    83
78.671, -2.451,   none, 3D, -0.520,  8.757,  2.428,    83
78.742, -2.494,   none, 3D, -0.591,  8.757,  2.428,    83
78.860, -2.527,   none, 3D, -0.662,  8.851,  2.428,    83
78.931, -2.550,   none, 3D, -0.733,  8.851,  2.428,    83
79.002, -2.564,   none, 3D, -0.804,  8.851,  2.428,    83
80.724, -2.416,  Li_i1, 0D,  3.367, 10.170,  3.036,   212
80.818, -2.396,   none, 0D,  3.367, 10.264,  3.036,   212
80.936, -2.338,   none, 0D,  3.438, 10.358,  3.036,   212
81.054, -2.275,   none, 0D,  3.462, 10.452,  2.968,   212
81.204, -2.212,   none, 0D,  3.557, 10.546,  2.901,   212
81.322, -2.166,   none, 0D,  3.628, 10.640,  2.901,   212
81.440, -2.158, saddle, 0D,  3.652, 10.735,  2.833,   212
81.590, -2.181,   none, 0D,  3.747, 10.829,  2.766,   212
81.740, -2.229,   none, 0D,  3.843, 10.923,  2.698,   212
81.889, -2.296,   none, 0D,  3.938, 11.017,  2.631,   212
82.039, -2.374,   none, 0D,  4.033, 11.111,  2.563,   212
82.189, -2.451,   none, 0D,  4.128, 11.205,  2.496,   212
82.339, -2.513,   none, 0D, -0.874, 11.299,  2.428,   212
82.433, -2.551,   none, 0D, -0.874, 11.394,  2.428,   212
82.527, -2.569,    Li3, 0D, -0.874, 11.488,  2.428,     4
82.622, -2.551,   none, 0D, -0.874, 11.394,  2.428,     4
82.716, -2.513,   none, 0D, -0.874, 11.299,  2.428,     4
82.866, -2.451,   none, 0D, -0.779, 11.205,  2.361,     4
83.015, -2.374,   none, 0D, -0.684, 11.111,  2.294,     4
83.165, -2.296,   none, 0D, -0.589, 11.017,  2.226,     4
83.315, -2.229,   none, 0D, -0.494, 10.923,  2.159,     4
83.465, -2.181,   none, 0D, -0.399, 10.829,  2.091,     4
83.615, -2.158, saddle, 0D, -0.304, 10.735,  2.024,     4
83.733, -2.166,   none, 0D, -0.280, 10.640,  1.956,     4
83.851, -2.212,   none, 0D, -0.209, 10.546,  1.956,     4
84.001, -2.275,   none, 0D, -0.114, 10.452,  1.889,     4
84.119, -2.338,   none, 0D, -0.089, 10.358,  1.821,     4
84.237, -2.396,   none, 0D, -0.019, 10.264,  1.821,     4
84.331, -2.416,  Li_i1, 0D, -0.019, 10.170,  1.821,     3
84.425, -2.396,   none, 0D, -0.019, 10.075,  1.821,     3
84.543, -2.338,   none, 0D, -0.089,  9.981,  1.821,     3
84.661, -2.275,   none, 0D, -0.114,  9.887,  1.889,     3
84.811, -2.212,   none, 0D, -0.209,  9.793,  1.956,     3
84.929, -2.166,   none, 0D, -0.280,  9.699,  1.956,     3
85.047, -2.158, saddle, 0D, -0.304,  9.605,  2.024,     3
85.197, -2.181,   none, 0D, -0.399,  9.510,  2.091,     3
85.347, -2.229,   none, 0D, -0.494,  9.416,  2.159,     3
85.497, -2.296,   none, 0D, -0.589,  9.322,  2.226,     3
85.647, -2.374,   none, 0D, -0.684,  9.228,  2.294,     3
85.797, -2.451,   none, 0D, -0.779,  9.134,  2.361,     3
85.947, -2.513,   none, 0D, -0.874,  9.040,  2.428,     3
86.041, -2.551,   none, 0D, -0.874,  8.945,  2.428,     3
86.135, -2.569,    Li3, 0D, -0.874,  8.851,  2.428,   211
86.229, -2.551,   none, 0D, -0.874,  8.945,  2.428,   211
86.323, -2.513,   none, 0D, -0.874,  9.040,  2.428,   211
86.473, -2.451,   none, 0D,  4.128,  9.134,  2.496,   211
86.623, -2.374,   none, 0D,  4.033,  9.228,  2.563,   211
86.773, -2.296,   none, 0D,  3.938,  9.322,  2.631,   211
86.923, -2.229,   none, 0D,  3.843,  9.416,  2.698,   211
87.073, -2.181,   none, 0D,  3.747,  9.510,  2.766,   211
87.222, -2.158, saddle, 0D,  3.652,  9.605,  2.833,   211
87.341, -2.166,   none, 0D,  3.628,  9.699,  2.901,   211
87.459, -2.212,   none, 0D,  3.557,  9.793,  2.901,   211
87.608, -2.275,   none, 0D,  3.462,  9.887,  2.968,   211
87.727, -2.338,   none, 0D,  3.438,  9.981,  3.036,   211
87.845, -2.396,   none, 0D,  3.367, 10.075,  3.036,   211
