r_coor, energy,   site, dn,      x,      y,      z, index
14.904, -2.816,    Li1, 1D,  0.000,  0.000, 88.637,   360
14.964, -2.810,   none, 1D,  0.030,  0.053, 88.637,   360
15.025, -2.799,   none, 1D,  0.091,  0.053, 88.637,   360
15.086, -2.778,   none, 1D,  0.121,  0.105, 88.637,   360
15.146, -2.755,   none, 1D,  0.182,  0.105, 88.637,   360
15.261, -2.723,   none, 1D,  0.212,  0.158, 88.735,   360
15.322, -2.689,   none, 1D,  0.273,  0.158, 88.735,   360
15.437, -2.646,   none, 1D,  0.303,  0.210, 88.637,   360
15.498, -2.606,   none, 1D,  0.364,  0.210, 88.637,   360
15.559, -2.556,   none, 1D,  0.394,  0.263, 88.637,   360
15.619, -2.510,   none, 1D,  0.455,  0.263, 88.637,   360
15.680, -2.454,   none, 1D,  0.485,  0.315, 88.637,   360
15.741, -2.404,   none, 1D,  0.546,  0.315, 88.637,   360
15.801, -2.344,   none, 1D,  0.576,  0.368, 88.637,   360
15.862, -2.290,   none, 1D,  0.637,  0.368, 88.637,   360
15.977, -2.229,   none, 1D,  0.667,  0.420, 88.539,   360
16.038, -2.198,   none, 1D,  0.728,  0.420, 88.539,   360
16.099, -2.158,   none, 1D,  0.758,  0.473, 88.539,   360
16.159, -2.133,   none, 1D,  0.819,  0.473, 88.539,   360
16.220, -2.100,   none, 1D,  0.849,  0.525, 88.539,   360
16.281, -2.082,   none, 1D,  0.910,  0.525, 88.539,   360
16.396, -2.081, saddle, 1D,  0.971,  0.525, 88.441,   360
16.457, -2.101,   none, 1D,  1.001,  0.578, 88.441,   360
16.517, -2.111,   none, 1D,  1.031,  0.630, 88.441,   360
16.578, -2.137,   none, 1D,  1.092,  0.630, 88.441,   360
16.693, -2.155,   none, 1D,  1.122,  0.683, 88.343,   360
16.754, -2.210,   none, 1D,  1.183,  0.683, 88.343,   360
16.815, -2.251,   none, 1D,  1.213,  0.735, 88.343,   360
16.875, -2.300,   none, 1D,  1.274,  0.735, 88.343,   360
16.936, -2.334,   none, 1D,  1.304,  0.788, 88.343,   360
16.996, -2.369,   none, 1D,  1.365,  0.788, 88.343,   360
17.057, -2.386,   none, 1D,  1.395,  0.841, 88.343,   360
17.172, -2.398,  Li_i2, 1D,  1.456,  0.841, 88.245,   694
17.316, -2.369,   none, 1D,  1.547,  0.788, 88.343,   694
17.421, -2.300,   none, 1D,  1.638,  0.735, 88.343,   694
17.526, -2.210,   none, 1D,  1.729,  0.683, 88.343,   694
17.670, -2.137,   none, 1D,  1.820,  0.630, 88.441,   694
17.775, -2.101,   none, 1D,  1.911,  0.578, 88.441,   694
17.919, -2.082, saddle, 1D,  2.002,  0.525, 88.539,   694
18.024, -2.133,   none, 1D,  2.093,  0.473, 88.539,   694
18.129, -2.198,   none, 1D,  2.184,  0.420, 88.539,   694
18.273, -2.290,   none, 1D,  2.275,  0.368, 88.637,   694
18.378, -2.404,   none, 1D,  2.366,  0.315, 88.637,   694
18.483, -2.510,   none, 1D,  2.457,  0.263, 88.637,   694
18.588, -2.606,   none, 1D,  2.548,  0.210, 88.637,   694
18.732, -2.689,   none, 1D,  2.639,  0.158, 88.735,   694
18.875, -2.755,   none, 1D,  2.730,  0.105, 88.637,   694
18.980, -2.799,   none, 1D,  2.821,  0.053, 88.637,   694
58.232, -2.816,    Li1, 3D,  1.456,  0.841, 49.417,   740
58.330, -2.811,   none, 3D,  1.456,  0.841, 49.319,   740
58.428, -2.767,   none, 3D,  1.456,  0.841, 49.221,   740
58.526, -2.685,   none, 3D,  1.456,  0.841, 49.123,   740
58.624, -2.561,   none, 3D,  1.456,  0.841, 49.025,   740
58.722, -2.394,   none, 3D,  1.456,  0.841, 48.927,   740
58.820, -2.183,   none, 3D,  1.456,  0.841, 48.829,   740
58.918, -1.928,   none, 3D,  1.456,  0.841, 48.731,   740
59.016, -1.632,   none, 3D,  1.456,  0.841, 48.633,   740
59.114, -1.297,   none, 3D,  1.456,  0.841, 48.535,   740
59.212, -0.932,   none, 3D,  1.456,  0.841, 48.437,   740
59.310, -0.544,   none, 3D,  1.456,  0.841, 48.338,   740
59.408, -0.147,   none, 3D,  1.456,  0.841, 48.240,   740
59.506,  0.250,   none, 3D,  1.456,  0.841, 48.142,   740
59.604,  0.637,   none, 3D,  1.456,  0.841, 48.044,   740
59.703,  1.004,   none, 3D,  1.456,  0.841, 47.946,   740
59.801,  1.348,   none, 3D,  1.456,  0.841, 47.848,   740
59.899,  1.671,   none, 3D,  1.456,  0.841, 47.750,   740
59.997,  1.979,   none, 3D,  1.456,  0.841, 47.652,   740
60.112,  2.326,   none, 3D,  1.516,  0.841, 47.554,   740
60.256,  2.888,   none, 3D,  1.607,  0.788, 47.456,   740
60.399,  3.697,   none, 3D,  1.698,  0.735, 47.358,   740
60.543,  4.697,   none, 3D,  1.789,  0.683, 47.260,   740
60.687,  5.781,   none, 3D,  1.880,  0.630, 47.162,   740
60.831,  6.806,   none, 3D,  1.971,  0.578, 47.064,   740
60.974,  7.609,   none, 3D,  2.062,  0.525, 46.966,   740
61.118,  8.050, saddle, 3D,  2.153,  0.473, 46.868,   740
61.262,  8.048,   none, 3D,  2.244,  0.420, 46.770,   740
61.405,  7.603,   none, 3D,  2.335,  0.368, 46.672,   740
61.549,  6.798,   none, 3D,  2.426,  0.315, 46.574,   740
61.693,  5.771,   none, 3D,  2.517,  0.263, 46.476,   740
61.836,  4.681,   none, 3D,  2.608,  0.210, 46.377,   740
61.980,  3.673,   none, 3D,  2.699,  0.158, 46.279,   740
62.124,  2.852,   none, 3D,  2.790,  0.105, 46.181,   740
62.268,  2.278,   none, 3D, -0.030,  0.053, 46.083,   740
62.383,  1.925,   none, 3D,  0.000,  0.000, 45.985,   740
62.481,  1.622,   none, 3D,  0.000,  0.000, 45.887,   740
62.579,  1.316,   none, 3D,  0.000,  0.000, 45.789,   740
62.677,  0.995,   none, 3D,  0.000,  0.000, 45.691,   740
62.775,  0.654,   none, 3D,  0.000,  0.000, 45.593,   740
62.873,  0.295,   none, 3D,  0.000,  0.000, 45.495,   740
62.971, -0.077,   none, 3D,  0.000,  0.000, 45.397,   740
63.069, -0.452,   none, 3D,  0.000,  0.000, 45.299,   740
63.167, -0.820,   none, 3D,  0.000,  0.000, 45.201,   740
63.265, -1.168,   none, 3D,  0.000,  0.000, 45.103,   740
63.363, -1.488,   none, 3D,  0.000,  0.000, 45.005,   740
63.461, -1.770,   none, 3D,  0.000,  0.000, 44.907,   740
63.559, -2.009,   none, 3D,  0.000,  0.000, 44.809,   740
63.658, -2.202,   none, 3D,  0.000,  0.000, 44.711,   740
63.756, -2.347,   none, 3D,  0.000,  0.000, 44.613,   740
63.854, -2.445,   none, 3D,  0.000,  0.000, 44.515,   740
63.952, -2.495,   none, 3D,  0.000,  0.000, 44.416,   740
64.050, -2.497,    Li3, 3D,  0.000,  0.000, 44.318,   164
64.148, -2.452,   none, 3D,  0.000,  0.000, 44.220,   164
64.246, -2.360,   none, 3D,  0.000,  0.000, 44.122,   164
64.344, -2.219,   none, 3D,  0.000,  0.000, 44.024,   164
64.442, -2.031,   none, 3D,  0.000,  0.000, 43.926,   164
64.540, -1.796,   none, 3D,  0.000,  0.000, 43.828,   164
64.638, -1.516,   none, 3D,  0.000,  0.000, 43.730,   164
64.736, -1.198,   none, 3D,  0.000,  0.000, 43.632,   164
64.834, -0.849,   none, 3D,  0.000,  0.000, 43.534,   164
64.932, -0.477,   none, 3D,  0.000,  0.000, 43.436,   164
65.030, -0.096,   none, 3D,  0.000,  0.000, 43.338,   164
65.128,  0.285,   none, 3D,  0.000,  0.000, 43.240,   164
65.226,  0.653,   none, 3D,  0.000,  0.000, 43.142,   164
65.324,  1.003,   none, 3D,  0.000,  0.000, 43.044,   164
65.422,  1.331,   none, 3D,  0.000,  0.000, 42.946,   164
65.520,  1.640,   none, 3D,  0.000,  0.000, 42.848,   164
65.619,  1.938,   none, 3D,  0.000,  0.000, 42.750,   164
65.734,  2.278,   none, 3D, -1.425,  2.469, 42.652,   164
65.878,  2.831,   none, 3D, -1.334,  2.416, 42.554,   164
66.021,  3.626,   none, 3D, -1.243,  2.364, 42.456,   164
66.165,  4.605,   none, 3D, -1.153,  2.311, 42.357,   164
66.309,  5.665,   none, 3D, -1.062,  2.259, 42.259,   164
66.452,  6.665,   none, 3D, -0.971,  2.206, 42.161,   164
66.596,  7.450,   none, 3D, -0.880,  2.154, 42.063,   164
66.740,  7.886,   none, 3D, -0.789,  2.101, 41.965,   164
66.884,  7.895, saddle, 3D, -0.698,  2.049, 41.867,   164
67.027,  7.475,   none, 3D, -0.607,  1.996, 41.769,   164
67.171,  6.705,   none, 3D, -0.516,  1.944, 41.671,   164
67.315,  5.716,   none, 3D, -0.425,  1.891, 41.573,   164
67.458,  4.663,   none, 3D, -0.334,  1.839, 41.475,   164
67.602,  3.686,   none, 3D, -0.243,  1.786, 41.377,   164
67.746,  2.889,   none, 3D, -0.152,  1.734, 41.279,   164
67.889,  2.332,   none, 3D, -0.061,  1.681, 41.181,   164
68.005,  1.990,   none, 3D,  0.000,  1.681, 41.083,   164
68.103,  1.693,   none, 3D,  0.000,  1.681, 40.985,   164
68.201,  1.390,   none, 3D,  0.000,  1.681, 40.887,   164
68.299,  1.068,   none, 3D,  0.000,  1.681, 40.789,   164
68.397,  0.725,   none, 3D,  0.000,  1.681, 40.691,   164
68.495,  0.363,   none, 3D,  0.000,  1.681, 40.593,   164
68.593, -0.011,   none, 3D,  0.000,  1.681, 40.495,   164
68.691, -0.390,   none, 3D,  0.000,  1.681, 40.396,   164
68.789, -0.762,   none, 3D,  0.000,  1.681, 40.298,   164
68.887, -1.114,   none, 3D,  0.000,  1.681, 40.200,   164
68.985, -1.437,   none, 3D,  0.000,  1.681, 40.102,   164
69.083, -1.722,   none, 3D,  0.000,  1.681, 40.004,   164
69.181, -1.965,   none, 3D,  0.000,  1.681, 39.906,   164
69.279, -2.162,   none, 3D,  0.000,  1.681, 39.808,   164
69.377, -2.313,   none, 3D,  0.000,  1.681, 39.710,   164
69.476, -2.416,   none, 3D,  0.000,  1.681, 39.612,   164
69.574, -2.472,   none, 3D,  0.000,  1.681, 39.514,   164
69.672, -2.483,    Li2, 3D,  0.000,  1.681, 39.416,   460
69.770, -2.447,   none, 3D,  0.000,  1.681, 39.318,   460
69.868, -2.365,   none, 3D,  0.000,  1.681, 39.220,   460
69.966, -2.236,   none, 3D,  0.000,  1.681, 39.122,   460
70.064, -2.059,   none, 3D,  0.000,  1.681, 39.024,   460
70.162, -1.837,   none, 3D,  0.000,  1.681, 38.926,   460
70.260, -1.569,   none, 3D,  0.000,  1.681, 38.828,   460
70.358, -1.262,   none, 3D,  0.000,  1.681, 38.730,   460
70.456, -0.922,   none, 3D,  0.000,  1.681, 38.632,   460
70.554, -0.557,   none, 3D,  0.000,  1.681, 38.534,   460
70.652, -0.180,   none, 3D,  0.000,  1.681, 38.435,   460
70.750,  0.199,   none, 3D,  0.000,  1.681, 38.337,   460
70.848,  0.569,   none, 3D,  0.000,  1.681, 38.239,   460
70.946,  0.921,   none, 3D,  0.000,  1.681, 38.141,   460
71.044,  1.253,   none, 3D,  0.000,  1.681, 38.043,   460
71.142,  1.564,   none, 3D,  0.000,  1.681, 37.945,   460
71.240,  1.863,   none, 3D,  0.000,  1.681, 37.847,   460
71.356,  2.199,   none, 3D,  0.030,  1.628, 37.749,   460
71.499,  2.748,   none, 3D,  0.121,  1.576, 37.651,   460
71.643,  3.542,   none, 3D,  0.212,  1.523, 37.553,   460
71.787,  4.527,   none, 3D,  0.303,  1.471, 37.455,   460
71.931,  5.601,   none, 3D,  0.394,  1.418, 37.357,   460
72.074,  6.622,   none, 3D,  0.485,  1.366, 37.259,   460
72.218,  7.433,   none, 3D,  0.576,  1.313, 37.161,   460
72.362,  7.896,   none, 3D,  0.667,  1.261, 37.063,   460
72.505,  7.932, saddle, 3D,  0.758,  1.208, 36.965,   460
72.649,  7.536,   none, 3D,  0.849,  1.156, 36.867,   460
72.793,  6.784,   none, 3D,  0.940,  1.103, 36.769,   460
72.936,  5.809,   none, 3D,  1.031,  1.051, 36.671,   460
73.080,  4.763,   none, 3D,  1.122,  0.998, 36.573,   460
73.224,  3.786,   none, 3D,  1.213,  0.946, 36.474,   460
73.368,  2.986,   none, 3D,  1.304,  0.893, 36.376,   460
73.511,  2.423,   none, 3D,  1.395,  0.841, 36.278,   460
73.627,  2.075,   none, 3D,  1.456,  0.841, 36.180,   460
73.725,  1.779,   none, 3D,  1.456,  0.841, 36.082,   460
73.823,  1.478,   none, 3D,  1.456,  0.841, 35.984,   460
73.921,  1.161,   none, 3D,  1.456,  0.841, 35.886,   460
74.019,  0.824,   none, 3D,  1.456,  0.841, 35.788,   460
74.117,  0.466,   none, 3D,  1.456,  0.841, 35.690,   460
74.215,  0.093,   none, 3D,  1.456,  0.841, 35.592,   460
74.313, -0.287,   none, 3D,  1.456,  0.841, 35.494,   460
74.411, -0.661,   none, 3D,  1.456,  0.841, 35.396,   460
74.509, -1.020,   none, 3D,  1.456,  0.841, 35.298,   460
74.607, -1.351,   none, 3D,  1.456,  0.841, 35.200,   460
74.705, -1.647,   none, 3D,  1.456,  0.841, 35.102,   460
74.803, -1.902,   none, 3D,  1.456,  0.841, 35.004,   460
74.901, -2.111,   none, 3D,  1.456,  0.841, 34.906,   460
74.999, -2.274,   none, 3D,  1.456,  0.841, 34.808,   460
75.097, -2.389,   none, 3D,  1.456,  0.841, 34.710,   460
75.195, -2.458,   none, 3D,  1.456,  0.841, 34.612,   460
75.293, -2.481,    Li4, 3D,  1.456,  0.841, 34.513,   704
75.392, -2.458,   none, 3D,  1.456,  0.841, 34.415,   704
75.490, -2.389,   none, 3D,  1.456,  0.841, 34.317,   704
75.588, -2.274,   none, 3D,  1.456,  0.841, 34.219,   704
75.686, -2.111,   none, 3D,  1.456,  0.841, 34.121,   704
75.784, -1.902,   none, 3D,  1.456,  0.841, 34.023,   704
75.882, -1.647,   none, 3D,  1.456,  0.841, 33.925,   704
75.980, -1.351,   none, 3D,  1.456,  0.841, 33.827,   704
76.078, -1.020,   none, 3D,  1.456,  0.841, 33.729,   704
76.176, -0.661,   none, 3D,  1.456,  0.841, 33.631,   704
76.274, -0.287,   none, 3D,  1.456,  0.841, 33.533,   704
76.372,  0.093,   none, 3D,  1.456,  0.841, 33.435,   704
76.470,  0.466,   none, 3D,  1.456,  0.841, 33.337,   704
76.568,  0.824,   none, 3D,  1.456,  0.841, 33.239,   704
76.666,  1.161,   none, 3D,  1.456,  0.841, 33.141,   704
76.764,  1.478,   none, 3D,  1.456,  0.841, 33.043,   704
76.862,  1.779,   none, 3D,  1.456,  0.841, 32.945,   704
76.960,  2.075,   none, 3D,  1.456,  0.841, 32.847,   704
77.076,  2.423,   none, 3D,  1.486,  0.788, 32.749,   704
77.219,  2.986,   none, 3D,  1.577,  0.735, 32.651,   704
77.363,  3.786,   none, 3D,  1.668,  0.683, 32.552,   704
77.507,  4.763,   none, 3D,  1.759,  0.630, 32.454,   704
77.650,  5.809,   none, 3D,  1.850,  0.578, 32.356,   704
77.794,  6.784,   none, 3D,  1.941,  0.525, 32.258,   704
77.938,  7.536,   none, 3D,  2.032,  0.473, 32.160,   704
78.082,  7.932, saddle, 3D,  2.123,  0.420, 32.062,   704
78.225,  7.896,   none, 3D,  2.214,  0.368, 31.964,   704
78.369,  7.433,   none, 3D,  2.305,  0.315, 31.866,   704
78.513,  6.622,   none, 3D,  2.396,  0.263, 31.768,   704
78.656,  5.601,   none, 3D,  2.487,  0.210, 31.670,   704
78.800,  4.527,   none, 3D,  2.578,  0.158, 31.572,   704
78.944,  3.542,   none, 3D,  2.669,  0.105, 31.474,   704
79.088,  2.748,   none, 3D,  2.760,  0.053, 31.376,   704
79.231,  2.199,   none, 3D,  2.851,  0.000, 31.278,   704
79.347,  1.863,   none, 3D,  0.000,  0.000, 31.180,   704
79.445,  1.564,   none, 3D,  0.000,  0.000, 31.082,   704
79.543,  1.253,   none, 3D,  0.000,  0.000, 30.984,   704
79.641,  0.921,   none, 3D,  0.000,  0.000, 30.886,   704
79.739,  0.569,   none, 3D,  0.000,  0.000, 30.788,   704
79.837,  0.199,   none, 3D,  0.000,  0.000, 30.690,   704
79.935, -0.180,   none, 3D,  0.000,  0.000, 30.591,   704
80.033, -0.557,   none, 3D,  0.000,  0.000, 30.493,   704
80.131, -0.922,   none, 3D,  0.000,  0.000, 30.395,   704
80.229, -1.262,   none, 3D,  0.000,  0.000, 30.297,   704
80.327, -1.569,   none, 3D,  0.000,  0.000, 30.199,   704
80.425, -1.837,   none, 3D,  0.000,  0.000, 30.101,   704
80.523, -2.059,   none, 3D,  0.000,  0.000, 30.003,   704
80.621, -2.236,   none, 3D,  0.000,  0.000, 29.905,   704
80.719, -2.365,   none, 3D,  0.000,  0.000, 29.807,   704
80.817, -2.447,   none, 3D,  0.000,  0.000, 29.709,   704
80.915, -2.483,    Li2, 3D,  0.000,  0.000, 29.611,   140
81.013, -2.472,   none, 3D,  0.000,  0.000, 29.513,   140
81.111, -2.416,   none, 3D,  0.000,  0.000, 29.415,   140
81.209, -2.313,   none, 3D,  0.000,  0.000, 29.317,   140
81.308, -2.162,   none, 3D,  0.000,  0.000, 29.219,   140
81.406, -1.965,   none, 3D,  0.000,  0.000, 29.121,   140
81.504, -1.722,   none, 3D,  0.000,  0.000, 29.023,   140
81.602, -1.437,   none, 3D,  0.000,  0.000, 28.925,   140
81.700, -1.114,   none, 3D,  0.000,  0.000, 28.827,   140
81.798, -0.762,   none, 3D,  0.000,  0.000, 28.729,   140
81.896, -0.390,   none, 3D,  0.000,  0.000, 28.631,   140
81.994, -0.011,   none, 3D,  0.000,  0.000, 28.532,   140
82.092,  0.363,   none, 3D,  0.000,  0.000, 28.434,   140
82.190,  0.725,   none, 3D,  0.000,  0.000, 28.336,   140
82.288,  1.068,   none, 3D,  0.000,  0.000, 28.238,   140
82.386,  1.390,   none, 3D,  0.000,  0.000, 28.140,   140
82.484,  1.693,   none, 3D,  0.000,  0.000, 28.042,   140
82.582,  1.990,   none, 3D,  0.000,  0.000, 27.944,   140
82.697,  2.332,   none, 3D, -1.425,  2.469, 27.846,   140
82.841,  2.889,   none, 3D, -1.334,  2.416, 27.748,   140
82.985,  3.686,   none, 3D, -1.243,  2.364, 27.650,   140
83.129,  4.663,   none, 3D, -1.153,  2.311, 27.552,   140
83.272,  5.716,   none, 3D, -1.062,  2.259, 27.454,   140
83.416,  6.705,   none, 3D, -0.971,  2.206, 27.356,   140
83.560,  7.475,   none, 3D, -0.880,  2.154, 27.258,   140
83.703,  7.895, saddle, 3D, -0.789,  2.101, 27.160,   140
83.847,  7.886,   none, 3D, -0.698,  2.049, 27.062,   140
83.991,  7.450,   none, 3D, -0.607,  1.996, 26.964,   140
84.135,  6.665,   none, 3D, -0.516,  1.944, 26.866,   140
84.278,  5.665,   none, 3D, -0.425,  1.891, 26.768,   140
84.422,  4.605,   none, 3D, -0.334,  1.839, 26.670,   140
84.566,  3.626,   none, 3D, -0.243,  1.786, 26.571,   140
84.709,  2.831,   none, 3D, -0.152,  1.734, 26.473,   140
84.853,  2.278,   none, 3D, -0.061,  1.681, 26.375,   140
84.968,  1.938,   none, 3D,  0.000,  1.681, 26.277,   140
85.066,  1.640,   none, 3D,  0.000,  1.681, 26.179,   140
85.164,  1.331,   none, 3D,  0.000,  1.681, 26.081,   140
85.263,  1.003,   none, 3D,  0.000,  1.681, 25.983,   140
85.361,  0.653,   none, 3D,  0.000,  1.681, 25.885,   140
85.459,  0.285,   none, 3D,  0.000,  1.681, 25.787,   140
85.557, -0.096,   none, 3D,  0.000,  1.681, 25.689,   140
85.655, -0.477,   none, 3D,  0.000,  1.681, 25.591,   140
85.753, -0.849,   none, 3D,  0.000,  1.681, 25.493,   140
85.851, -1.198,   none, 3D,  0.000,  1.681, 25.395,   140
85.949, -1.516,   none, 3D,  0.000,  1.681, 25.297,   140
86.047, -1.796,   none, 3D,  0.000,  1.681, 25.199,   140
86.145, -2.031,   none, 3D,  0.000,  1.681, 25.101,   140
86.243, -2.219,   none, 3D,  0.000,  1.681, 25.003,   140
86.341, -2.360,   none, 3D,  0.000,  1.681, 24.905,   140
86.439, -2.452,   none, 3D,  0.000,  1.681, 24.807,   140
86.537, -2.497,    Li3, 3D,  0.000,  1.681, 24.709,   480
86.635, -2.495,   none, 3D,  0.000,  1.681, 24.610,   480
86.733, -2.445,   none, 3D,  0.000,  1.681, 24.512,   480
86.831, -2.347,   none, 3D,  0.000,  1.681, 24.414,   480
86.929, -2.202,   none, 3D,  0.000,  1.681, 24.316,   480
87.027, -2.009,   none, 3D,  0.000,  1.681, 24.218,   480
87.125, -1.770,   none, 3D,  0.000,  1.681, 24.120,   480
87.224, -1.488,   none, 3D,  0.000,  1.681, 24.022,   480
87.322, -1.168,   none, 3D,  0.000,  1.681, 23.924,   480
87.420, -0.820,   none, 3D,  0.000,  1.681, 23.826,   480
87.518, -0.452,   none, 3D,  0.000,  1.681, 23.728,   480
87.616, -0.077,   none, 3D,  0.000,  1.681, 23.630,   480
87.714,  0.295,   none, 3D,  0.000,  1.681, 23.532,   480
87.812,  0.654,   none, 3D,  0.000,  1.681, 23.434,   480
87.910,  0.995,   none, 3D,  0.000,  1.681, 23.336,   480
88.008,  1.316,   none, 3D,  0.000,  1.681, 23.238,   480
88.106,  1.622,   none, 3D,  0.000,  1.681, 23.140,   480
88.204,  1.925,   none, 3D,  0.000,  1.681, 23.042,   480
88.319,  2.278,   none, 3D,  0.061,  1.681, 22.944,   480
88.463,  2.852,   none, 3D,  0.152,  1.628, 22.846,   480
88.607,  3.673,   none, 3D,  0.243,  1.576, 22.748,   480
88.750,  4.681,   none, 3D,  0.334,  1.523, 22.649,   480
88.894,  5.771,   none, 3D,  0.425,  1.471, 22.551,   480
89.038,  6.798,   none, 3D,  0.516,  1.418, 22.453,   480
89.182,  7.603,   none, 3D,  0.607,  1.366, 22.355,   480
89.325,  8.048,   none, 3D,  0.698,  1.313, 22.257,   480
89.469,  8.050, saddle, 3D,  0.789,  1.261, 22.159,   480
89.613,  7.609,   none, 3D,  0.880,  1.208, 22.061,   480
89.756,  6.806,   none, 3D,  0.971,  1.156, 21.963,   480
89.900,  5.781,   none, 3D,  1.062,  1.103, 21.865,   480
90.044,  4.697,   none, 3D,  1.153,  1.051, 21.767,   480
90.188,  3.697,   none, 3D,  1.243,  0.998, 21.669,   480
90.331,  2.888,   none, 3D,  1.334,  0.946, 21.571,   480
90.475,  2.326,   none, 3D,  1.425,  0.893, 21.473,   480
90.590,  1.979,   none, 3D,  1.456,  0.841, 21.375,   480
90.688,  1.671,   none, 3D,  1.456,  0.841, 21.277,   480
90.786,  1.348,   none, 3D,  1.456,  0.841, 21.179,   480
90.884,  1.004,   none, 3D,  1.456,  0.841, 21.081,   480
90.982,  0.637,   none, 3D,  1.456,  0.841, 20.983,   480
91.080,  0.250,   none, 3D,  1.456,  0.841, 20.885,   480
91.179, -0.147,   none, 3D,  1.456,  0.841, 20.787,   480
91.277, -0.544,   none, 3D,  1.456,  0.841, 20.688,   480
91.375, -0.932,   none, 3D,  1.456,  0.841, 20.590,   480
91.473, -1.297,   none, 3D,  1.456,  0.841, 20.492,   480
91.571, -1.632,   none, 3D,  1.456,  0.841, 20.394,   480
91.669, -1.928,   none, 3D,  1.456,  0.841, 20.296,   480
91.767, -2.183,   none, 3D,  1.456,  0.841, 20.198,   480
91.865, -2.394,   none, 3D,  1.456,  0.841, 20.100,   480
91.963, -2.561,   none, 3D,  1.456,  0.841, 20.002,   480
92.061, -2.685,   none, 3D,  1.456,  0.841, 19.904,   480
92.159, -2.767,   none, 3D,  1.456,  0.841, 19.806,   480
92.257, -2.811,   none, 3D,  1.456,  0.841, 19.708,   480
92.355, -2.816,    Li1, 3D,  1.456,  0.841, 19.610,   577
92.453, -2.785,   none, 3D,  1.456,  0.841, 19.512,   577
92.551, -2.721,   none, 3D,  1.456,  0.841, 19.414,   577
92.649, -2.627,   none, 3D,  1.456,  0.841, 19.316,   577
92.747, -2.508,   none, 3D,  1.456,  0.841, 19.218,   577
92.845, -2.371,   none, 3D,  1.456,  0.841, 19.120,   577
92.943, -2.225,   none, 3D,  1.456,  0.841, 19.022,   577
93.041, -2.083,   none, 3D,  1.456,  0.841, 18.924,   577
93.140, -1.955,   none, 3D,  1.456,  0.841, 18.826,   577
93.238, -1.854,   none, 3D,  1.456,  0.841, 18.727,   577
93.336, -1.790,   none, 3D,  1.456,  0.841, 18.629,   577
93.434, -1.772, saddle, 3D,  1.456,  0.841, 18.531,   577
93.532, -1.800,   none, 3D,  1.456,  0.841, 18.433,   577
93.630, -1.872,   none, 3D,  1.456,  0.841, 18.335,   577
93.728, -1.979,   none, 3D,  1.456,  0.841, 18.237,   577
93.826, -2.109,   none, 3D,  1.456,  0.841, 18.139,   577
93.924, -2.244,   none, 3D,  1.456,  0.841, 18.041,   577
94.022, -2.361,   none, 3D,  1.456,  0.841, 17.943,   577
94.120, -2.436,  Li_i1, 3D,  1.456,  0.841, 17.845,   523
94.264, -2.404,   none, 3D,  1.365,  0.893, 17.747,   523
94.369, -2.334,   none, 3D,  1.274,  0.946, 17.747,   523
94.474, -2.243,   none, 3D,  1.183,  0.998, 17.747,   523
94.618, -2.172,   none, 3D,  1.092,  1.051, 17.649,   523
94.723, -2.144, saddle, 3D,  1.001,  1.103, 17.649,   523
94.866, -2.145,   none, 3D,  0.910,  1.156, 17.551,   523
94.971, -2.216,   none, 3D,  0.819,  1.208, 17.551,   523
95.076, -2.301,   none, 3D,  0.728,  1.261, 17.551,   523
95.220, -2.444,   none, 3D,  0.637,  1.313, 17.453,   523
95.325, -2.580,   none, 3D,  0.546,  1.366, 17.453,   523
95.469, -2.729,   none, 3D,  0.455,  1.418, 17.355,   523
95.574, -2.861,   none, 3D,  0.364,  1.471, 17.355,   523
95.718, -2.967,   none, 3D,  0.273,  1.523, 17.257,   523
95.823, -3.051,   none, 3D,  0.182,  1.576, 17.257,   523
95.928, -3.099,   none, 3D,  0.091,  1.628, 17.257,   523
96.033, -3.115,    Li5, 3D,  0.000,  1.681, 17.257,   105
96.138, -3.099,   none, 3D, -0.091,  1.734, 17.257,   105
96.243, -3.051,   none, 3D, -0.182,  1.786, 17.257,   105
96.348, -2.967,   none, 3D, -0.273,  1.839, 17.257,   105
96.492, -2.861,   none, 3D, -0.364,  1.891, 17.159,   105
96.597, -2.729,   none, 3D, -0.455,  1.944, 17.159,   105
96.741, -2.580,   none, 3D, -0.546,  1.996, 17.061,   105
96.846, -2.444,   none, 3D, -0.637,  2.049, 17.061,   105
96.989, -2.301,   none, 3D, -0.728,  2.101, 16.963,   105
97.094, -2.216,   none, 3D, -0.819,  2.154, 16.963,   105
97.199, -2.145,   none, 3D, -0.910,  2.206, 16.963,   105
97.343, -2.144, saddle, 3D, -1.001,  2.259, 16.865,   105
97.448, -2.172,   none, 3D, -1.092,  2.311, 16.865,   105
97.592, -2.243,   none, 3D, -1.183,  2.364, 16.766,   105
97.697, -2.334,   none, 3D, -1.274,  2.416, 16.766,   105
97.802, -2.404,   none, 3D, -1.365,  2.469, 16.766,   105
97.946, -2.436,  Li_i1, 3D,  0.000,  0.000, 16.668,     1
98.044, -2.361,   none, 3D,  0.000,  0.000, 16.570,     1
98.142, -2.244,   none, 3D,  0.000,  0.000, 16.472,     1
98.240, -2.109,   none, 3D,  0.000,  0.000, 16.374,     1
98.338, -1.979,   none, 3D,  0.000,  0.000, 16.276,     1
98.436, -1.872,   none, 3D,  0.000,  0.000, 16.178,     1
98.534, -1.800,   none, 3D,  0.000,  0.000, 16.080,     1
98.632, -1.772, saddle, 3D,  0.000,  0.000, 15.982,     1
98.730, -1.790,   none, 3D,  0.000,  0.000, 15.884,     1
98.828, -1.854,   none, 3D,  0.000,  0.000, 15.786,     1
98.926, -1.955,   none, 3D,  0.000,  0.000, 15.688,     1
99.024, -2.083,   none, 3D,  0.000,  0.000, 15.590,     1
99.122, -2.225,   none, 3D,  0.000,  0.000, 15.492,     1
99.220, -2.371,   none, 3D,  0.000,  0.000, 15.394,     1
99.319, -2.508,   none, 3D,  0.000,  0.000, 15.296,     1
99.417, -2.627,   none, 3D,  0.000,  0.000, 15.198,     1
99.515, -2.721,   none, 3D,  0.000,  0.000, 15.100,     1
99.613, -2.785,   none, 3D,  0.000,  0.000, 15.002,     1
99.711, -2.816,    Li1, 3D,  0.000,  0.000, 14.904,   176
99.809, -2.811,   none, 3D,  0.000,  0.000, 14.805,   176
99.907, -2.767,   none, 3D,  0.000,  0.000, 14.707,   176
100.005, -2.685,   none, 3D,  0.000,  0.000, 14.609,   176
100.103, -2.561,   none, 3D,  0.000,  0.000, 14.511,   176
100.201, -2.394,   none, 3D,  0.000,  0.000, 14.413,   176
100.299, -2.183,   none, 3D,  0.000,  0.000, 14.315,   176
100.397, -1.928,   none, 3D,  0.000,  0.000, 14.217,   176
100.495, -1.632,   none, 3D,  0.000,  0.000, 14.119,   176
100.593, -1.297,   none, 3D,  0.000,  0.000, 14.021,   176
100.691, -0.932,   none, 3D,  0.000,  0.000, 13.923,   176
100.789, -0.544,   none, 3D,  0.000,  0.000, 13.825,   176
100.887, -0.147,   none, 3D,  0.000,  0.000, 13.727,   176
100.985,  0.250,   none, 3D,  0.000,  0.000, 13.629,   176
101.083,  0.637,   none, 3D,  0.000,  0.000, 13.531,   176
101.181,  1.004,   none, 3D,  0.000,  0.000, 13.433,   176
101.279,  1.348,   none, 3D,  0.000,  0.000, 13.335,   176
101.378,  1.671,   none, 3D,  0.000,  0.000, 13.237,   176
101.476,  1.979,   none, 3D,  0.000,  0.000, 13.139,   176
101.591,  2.326,   none, 3D,  0.061,  0.000, 13.041,   176
101.735,  2.888,   none, 3D, -1.304,  2.469, 12.943,   176
101.878,  3.697,   none, 3D, -1.213,  2.416, 12.845,   176
102.022,  4.697,   none, 3D, -1.122,  2.364, 12.746,   176
102.166,  5.781,   none, 3D, -1.031,  2.311, 12.648,   176
102.309,  6.806,   none, 3D, -0.940,  2.259, 12.550,   176
102.453,  7.609,   none, 3D, -0.849,  2.206, 12.452,   176
102.597,  8.050, saddle, 3D, -0.758,  2.154, 12.354,   176
102.741,  8.048,   none, 3D, -0.667,  2.101, 12.256,   176
102.884,  7.603,   none, 3D, -0.576,  2.049, 12.158,   176
103.028,  6.798,   none, 3D, -0.485,  1.996, 12.060,   176
103.172,  5.771,   none, 3D, -0.394,  1.944, 11.962,   176
103.315,  4.681,   none, 3D, -0.303,  1.891, 11.864,   176
103.459,  3.673,   none, 3D, -0.212,  1.839, 11.766,   176
103.603,  2.852,   none, 3D, -0.121,  1.786, 11.668,   176
103.747,  2.278,   none, 3D, -0.030,  1.734, 11.570,   176
103.862,  1.925,   none, 3D,  0.000,  1.681, 11.472,   176
103.960,  1.622,   none, 3D,  0.000,  1.681, 11.374,   176
104.058,  1.316,   none, 3D,  0.000,  1.681, 11.276,   176
104.156,  0.995,   none, 3D,  0.000,  1.681, 11.178,   176
104.254,  0.654,   none, 3D,  0.000,  1.681, 11.080,   176
104.352,  0.295,   none, 3D,  0.000,  1.681, 10.982,   176
104.450, -0.077,   none, 3D,  0.000,  1.681, 10.884,   176
104.548, -0.452,   none, 3D,  0.000,  1.681, 10.785,   176
104.646, -0.820,   none, 3D,  0.000,  1.681, 10.687,   176
104.744, -1.168,   none, 3D,  0.000,  1.681, 10.589,   176
104.842, -1.488,   none, 3D,  0.000,  1.681, 10.491,   176
104.940, -1.770,   none, 3D,  0.000,  1.681, 10.393,   176
105.038, -2.009,   none, 3D,  0.000,  1.681, 10.295,   176
105.136, -2.202,   none, 3D,  0.000,  1.681, 10.197,   176
105.235, -2.347,   none, 3D,  0.000,  1.681, 10.099,   176
105.333, -2.445,   none, 3D,  0.000,  1.681, 10.001,   176
105.431, -2.495,   none, 3D,  0.000,  1.681,  9.903,   176
105.529, -2.497,    Li3, 3D,  0.000,  1.681,  9.805,   452
105.627, -2.452,   none, 3D,  0.000,  1.681,  9.707,   452
105.725, -2.360,   none, 3D,  0.000,  1.681,  9.609,   452
105.823, -2.219,   none, 3D,  0.000,  1.681,  9.511,   452
105.921, -2.031,   none, 3D,  0.000,  1.681,  9.413,   452
106.019, -1.796,   none, 3D,  0.000,  1.681,  9.315,   452
106.117, -1.516,   none, 3D,  0.000,  1.681,  9.217,   452
106.215, -1.198,   none, 3D,  0.000,  1.681,  9.119,   452
106.313, -0.849,   none, 3D,  0.000,  1.681,  9.021,   452
106.411, -0.477,   none, 3D,  0.000,  1.681,  8.923,   452
106.509, -0.096,   none, 3D,  0.000,  1.681,  8.824,   452
106.607,  0.285,   none, 3D,  0.000,  1.681,  8.726,   452
106.705,  0.653,   none, 3D,  0.000,  1.681,  8.628,   452
106.803,  1.003,   none, 3D,  0.000,  1.681,  8.530,   452
106.901,  1.331,   none, 3D,  0.000,  1.681,  8.432,   452
106.999,  1.640,   none, 3D,  0.000,  1.681,  8.334,   452
107.097,  1.938,   none, 3D,  0.000,  1.681,  8.236,   452
107.213,  2.278,   none, 3D,  0.030,  1.628,  8.138,   452
107.356,  2.831,   none, 3D,  0.121,  1.576,  8.040,   452
107.500,  3.626,   none, 3D,  0.212,  1.523,  7.942,   452
107.644,  4.605,   none, 3D,  0.303,  1.471,  7.844,   452
107.788,  5.665,   none, 3D,  0.394,  1.418,  7.746,   452
107.931,  6.665,   none, 3D,  0.485,  1.366,  7.648,   452
108.075,  7.450,   none, 3D,  0.576,  1.313,  7.550,   452
108.219,  7.886,   none, 3D,  0.667,  1.261,  7.452,   452
108.362,  7.895, saddle, 3D,  0.758,  1.208,  7.354,   452
108.506,  7.475,   none, 3D,  0.849,  1.156,  7.256,   452
108.650,  6.705,   none, 3D,  0.940,  1.103,  7.158,   452
108.794,  5.716,   none, 3D,  1.031,  1.051,  7.060,   452
108.937,  4.663,   none, 3D,  1.122,  0.998,  6.962,   452
109.081,  3.686,   none, 3D,  1.213,  0.946,  6.863,   452
109.225,  2.889,   none, 3D,  1.304,  0.893,  6.765,   452
109.368,  2.332,   none, 3D,  1.395,  0.841,  6.667,   452
109.484,  1.990,   none, 3D,  1.456,  0.841,  6.569,   452
109.582,  1.693,   none, 3D,  1.456,  0.841,  6.471,   452
109.680,  1.390,   none, 3D,  1.456,  0.841,  6.373,   452
109.778,  1.068,   none, 3D,  1.456,  0.841,  6.275,   452
109.876,  0.725,   none, 3D,  1.456,  0.841,  6.177,   452
109.974,  0.363,   none, 3D,  1.456,  0.841,  6.079,   452
110.072, -0.011,   none, 3D,  1.456,  0.841,  5.981,   452
110.170, -0.390,   none, 3D,  1.456,  0.841,  5.883,   452
110.268, -0.762,   none, 3D,  1.456,  0.841,  5.785,   452
110.366, -1.114,   none, 3D,  1.456,  0.841,  5.687,   452
110.464, -1.437,   none, 3D,  1.456,  0.841,  5.589,   452
110.562, -1.722,   none, 3D,  1.456,  0.841,  5.491,   452
110.660, -1.965,   none, 3D,  1.456,  0.841,  5.393,   452
110.758, -2.162,   none, 3D,  1.456,  0.841,  5.295,   452
110.856, -2.313,   none, 3D,  1.456,  0.841,  5.197,   452
110.954, -2.416,   none, 3D,  1.456,  0.841,  5.099,   452
111.052, -2.472,   none, 3D,  1.456,  0.841,  5.001,   452
111.151, -2.483,    Li2, 3D,  1.456,  0.841,  4.902,   724
111.249, -2.447,   none, 3D,  1.456,  0.841,  4.804,   724
111.347, -2.365,   none, 3D,  1.456,  0.841,  4.706,   724
111.445, -2.236,   none, 3D,  1.456,  0.841,  4.608,   724
111.543, -2.059,   none, 3D,  1.456,  0.841,  4.510,   724
111.641, -1.837,   none, 3D,  1.456,  0.841,  4.412,   724
111.739, -1.569,   none, 3D,  1.456,  0.841,  4.314,   724
111.837, -1.262,   none, 3D,  1.456,  0.841,  4.216,   724
111.935, -0.922,   none, 3D,  1.456,  0.841,  4.118,   724
112.033, -0.557,   none, 3D,  1.456,  0.841,  4.020,   724
112.131, -0.180,   none, 3D,  1.456,  0.841,  3.922,   724
112.229,  0.199,   none, 3D,  1.456,  0.841,  3.824,   724
112.327,  0.569,   none, 3D,  1.456,  0.841,  3.726,   724
112.425,  0.921,   none, 3D,  1.456,  0.841,  3.628,   724
112.523,  1.253,   none, 3D,  1.456,  0.841,  3.530,   724
112.621,  1.564,   none, 3D,  1.456,  0.841,  3.432,   724
112.719,  1.863,   none, 3D,  1.456,  0.841,  3.334,   724
112.835,  2.199,   none, 3D,  1.486,  0.788,  3.236,   724
112.978,  2.748,   none, 3D,  1.577,  0.735,  3.138,   724
113.122,  3.542,   none, 3D,  1.668,  0.683,  3.040,   724
113.266,  4.527,   none, 3D,  1.759,  0.630,  2.941,   724
113.409,  5.601,   none, 3D,  1.850,  0.578,  2.843,   724
113.553,  6.622,   none, 3D,  1.941,  0.525,  2.745,   724
113.697,  7.433,   none, 3D,  2.032,  0.473,  2.647,   724
113.841,  7.896,   none, 3D,  2.123,  0.420,  2.549,   724
113.984,  7.932, saddle, 3D,  2.214,  0.368,  2.451,   724
114.128,  7.536,   none, 3D,  2.305,  0.315,  2.353,   724
114.272,  6.784,   none, 3D,  2.396,  0.263,  2.255,   724
114.415,  5.809,   none, 3D,  2.487,  0.210,  2.157,   724
114.559,  4.763,   none, 3D,  2.578,  0.158,  2.059,   724
114.703,  3.786,   none, 3D,  2.669,  0.105,  1.961,   724
114.847,  2.986,   none, 3D,  2.760,  0.053,  1.863,   724
114.990,  2.423,   none, 3D,  2.851,  0.000,  1.765,   724
115.106,  2.075,   none, 3D,  0.000,  0.000,  1.667,   724
115.204,  1.779,   none, 3D,  0.000,  0.000,  1.569,   724
115.302,  1.478,   none, 3D,  0.000,  0.000,  1.471,   724
115.400,  1.161,   none, 3D,  0.000,  0.000,  1.373,   724
115.498,  0.824,   none, 3D,  0.000,  0.000,  1.275,   724
115.596,  0.466,   none, 3D,  0.000,  0.000,  1.177,   724
115.694,  0.093,   none, 3D,  0.000,  0.000,  1.079,   724
115.792, -0.287,   none, 3D,  0.000,  0.000,  0.980,   724
115.890, -0.661,   none, 3D,  0.000,  0.000,  0.882,   724
115.988, -1.020,   none, 3D,  0.000,  0.000,  0.784,   724
116.086, -1.351,   none, 3D,  0.000,  0.000,  0.686,   724
116.184, -1.647,   none, 3D,  0.000,  0.000,  0.588,   724
116.282, -1.902,   none, 3D,  0.000,  0.000,  0.490,   724
116.380, -2.111,   none, 3D,  0.000,  0.000,  0.392,   724
116.478, -2.274,   none, 3D,  0.000,  0.000,  0.294,   724
116.576, -2.389,   none, 3D,  0.000,  0.000,  0.196,   724
116.674, -2.458,   none, 3D,  0.000,  0.000,  0.098,   724
116.772, -2.481,    Li4, 3D,  0.000,  0.000,  0.000,   144
116.870, -2.458,   none, 3D,  0.000,  0.000, 103.442,   144
116.968, -2.389,   none, 3D,  0.000,  0.000, 103.344,   144
117.067, -2.274,   none, 3D,  0.000,  0.000, 103.246,   144
117.165, -2.111,   none, 3D,  0.000,  0.000, 103.148,   144
117.263, -1.902,   none, 3D,  0.000,  0.000, 103.050,   144
117.361, -1.647,   none, 3D,  0.000,  0.000, 102.952,   144
117.459, -1.351,   none, 3D,  0.000,  0.000, 102.854,   144
117.557, -1.020,   none, 3D,  0.000,  0.000, 102.756,   144
117.655, -0.661,   none, 3D,  0.000,  0.000, 102.658,   144
117.753, -0.287,   none, 3D,  0.000,  0.000, 102.560,   144
117.851,  0.093,   none, 3D,  0.000,  0.000, 102.462,   144
117.949,  0.466,   none, 3D,  0.000,  0.000, 102.364,   144
118.047,  0.824,   none, 3D,  0.000,  0.000, 102.266,   144
118.145,  1.161,   none, 3D,  0.000,  0.000, 102.168,   144
118.243,  1.478,   none, 3D,  0.000,  0.000, 102.070,   144
118.341,  1.779,   none, 3D,  0.000,  0.000, 101.972,   144
118.439,  2.075,   none, 3D,  0.000,  0.000, 101.874,   144
118.555,  2.423,   none, 3D, -1.425,  2.469, 101.776,   144
118.698,  2.986,   none, 3D, -1.334,  2.416, 101.678,   144
118.842,  3.786,   none, 3D, -1.243,  2.364, 101.579,   144
118.986,  4.763,   none, 3D, -1.153,  2.311, 101.481,   144
119.129,  5.809,   none, 3D, -1.062,  2.259, 101.383,   144
119.273,  6.784,   none, 3D, -0.971,  2.206, 101.285,   144
119.417,  7.536,   none, 3D, -0.880,  2.154, 101.187,   144
119.560,  7.932, saddle, 3D, -0.789,  2.101, 101.089,   144
119.704,  7.896,   none, 3D, -0.698,  2.049, 100.991,   144
119.848,  7.433,   none, 3D, -0.607,  1.996, 100.893,   144
119.992,  6.622,   none, 3D, -0.516,  1.944, 100.795,   144
120.135,  5.601,   none, 3D, -0.425,  1.891, 100.697,   144
120.279,  4.527,   none, 3D, -0.334,  1.839, 100.599,   144
120.423,  3.542,   none, 3D, -0.243,  1.786, 100.501,   144
120.566,  2.748,   none, 3D, -0.152,  1.734, 100.403,   144
120.710,  2.199,   none, 3D, -0.061,  1.681, 100.305,   144
120.825,  1.863,   none, 3D,  0.000,  1.681, 100.207,   144
120.923,  1.564,   none, 3D,  0.000,  1.681, 100.109,   144
121.022,  1.253,   none, 3D,  0.000,  1.681, 100.011,   144
121.120,  0.921,   none, 3D,  0.000,  1.681, 99.913,   144
121.218,  0.569,   none, 3D,  0.000,  1.681, 99.815,   144
121.316,  0.199,   none, 3D,  0.000,  1.681, 99.717,   144
121.414, -0.180,   none, 3D,  0.000,  1.681, 99.618,   144
121.512, -0.557,   none, 3D,  0.000,  1.681, 99.520,   144
121.610, -0.922,   none, 3D,  0.000,  1.681, 99.422,   144
121.708, -1.262,   none, 3D,  0.000,  1.681, 99.324,   144
121.806, -1.569,   none, 3D,  0.000,  1.681, 99.226,   144
121.904, -1.837,   none, 3D,  0.000,  1.681, 99.128,   144
122.002, -2.059,   none, 3D,  0.000,  1.681, 99.030,   144
122.100, -2.236,   none, 3D,  0.000,  1.681, 98.932,   144
122.198, -2.365,   none, 3D,  0.000,  1.681, 98.834,   144
122.296, -2.447,   none, 3D,  0.000,  1.681, 98.736,   144
122.394, -2.483,    Li2, 3D,  0.000,  1.681, 98.638,   424
122.492, -2.472,   none, 3D,  0.000,  1.681, 98.540,   424
122.590, -2.416,   none, 3D,  0.000,  1.681, 98.442,   424
122.688, -2.313,   none, 3D,  0.000,  1.681, 98.344,   424
122.786, -2.162,   none, 3D,  0.000,  1.681, 98.246,   424
122.884, -1.965,   none, 3D,  0.000,  1.681, 98.148,   424
122.983, -1.722,   none, 3D,  0.000,  1.681, 98.050,   424
123.081, -1.437,   none, 3D,  0.000,  1.681, 97.952,   424
123.179, -1.114,   none, 3D,  0.000,  1.681, 97.854,   424
123.277, -0.762,   none, 3D,  0.000,  1.681, 97.756,   424
123.375, -0.390,   none, 3D,  0.000,  1.681, 97.657,   424
123.473, -0.011,   none, 3D,  0.000,  1.681, 97.559,   424
123.571,  0.363,   none, 3D,  0.000,  1.681, 97.461,   424
123.669,  0.725,   none, 3D,  0.000,  1.681, 97.363,   424
123.767,  1.068,   none, 3D,  0.000,  1.681, 97.265,   424
123.865,  1.390,   none, 3D,  0.000,  1.681, 97.167,   424
123.963,  1.693,   none, 3D,  0.000,  1.681, 97.069,   424
124.061,  1.990,   none, 3D,  0.000,  1.681, 96.971,   424
124.176,  2.332,   none, 3D,  0.030,  1.628, 96.873,   424
124.320,  2.889,   none, 3D,  0.121,  1.576, 96.775,   424
124.464,  3.686,   none, 3D,  0.212,  1.523, 96.677,   424
124.607,  4.663,   none, 3D,  0.303,  1.471, 96.579,   424
124.751,  5.716,   none, 3D,  0.394,  1.418, 96.481,   424
124.895,  6.705,   none, 3D,  0.485,  1.366, 96.383,   424
125.039,  7.475,   none, 3D,  0.576,  1.313, 96.285,   424
125.182,  7.895, saddle, 3D,  0.667,  1.261, 96.187,   424
125.326,  7.886,   none, 3D,  0.758,  1.208, 96.089,   424
125.470,  7.450,   none, 3D,  0.849,  1.156, 95.991,   424
125.613,  6.665,   none, 3D,  0.940,  1.103, 95.893,   424
125.757,  5.665,   none, 3D,  1.031,  1.051, 95.795,   424
125.901,  4.605,   none, 3D,  1.122,  0.998, 95.696,   424
126.045,  3.626,   none, 3D,  1.213,  0.946, 95.598,   424
126.188,  2.831,   none, 3D,  1.304,  0.893, 95.500,   424
126.332,  2.278,   none, 3D,  1.395,  0.841, 95.402,   424
126.447,  1.938,   none, 3D,  1.456,  0.841, 95.304,   424
126.545,  1.640,   none, 3D,  1.456,  0.841, 95.206,   424
126.643,  1.331,   none, 3D,  1.456,  0.841, 95.108,   424
126.741,  1.003,   none, 3D,  1.456,  0.841, 95.010,   424
126.839,  0.653,   none, 3D,  1.456,  0.841, 94.912,   424
126.938,  0.285,   none, 3D,  1.456,  0.841, 94.814,   424
127.036, -0.096,   none, 3D,  1.456,  0.841, 94.716,   424
127.134, -0.477,   none, 3D,  1.456,  0.841, 94.618,   424
127.232, -0.849,   none, 3D,  1.456,  0.841, 94.520,   424
127.330, -1.198,   none, 3D,  1.456,  0.841, 94.422,   424
127.428, -1.516,   none, 3D,  1.456,  0.841, 94.324,   424
127.526, -1.796,   none, 3D,  1.456,  0.841, 94.226,   424
127.624, -2.031,   none, 3D,  1.456,  0.841, 94.128,   424
127.722, -2.219,   none, 3D,  1.456,  0.841, 94.030,   424
127.820, -2.360,   none, 3D,  1.456,  0.841, 93.932,   424
127.918, -2.452,   none, 3D,  1.456,  0.841, 93.834,   424
128.016, -2.497,    Li3, 3D,  1.456,  0.841, 93.735,   764
128.114, -2.495,   none, 3D,  1.456,  0.841, 93.637,   764
128.212, -2.445,   none, 3D,  1.456,  0.841, 93.539,   764
128.310, -2.347,   none, 3D,  1.456,  0.841, 93.441,   764
128.408, -2.202,   none, 3D,  1.456,  0.841, 93.343,   764
128.506, -2.009,   none, 3D,  1.456,  0.841, 93.245,   764
128.604, -1.770,   none, 3D,  1.456,  0.841, 93.147,   764
128.702, -1.488,   none, 3D,  1.456,  0.841, 93.049,   764
128.800, -1.168,   none, 3D,  1.456,  0.841, 92.951,   764
128.899, -0.820,   none, 3D,  1.456,  0.841, 92.853,   764
128.997, -0.452,   none, 3D,  1.456,  0.841, 92.755,   764
129.095, -0.077,   none, 3D,  1.456,  0.841, 92.657,   764
129.193,  0.295,   none, 3D,  1.456,  0.841, 92.559,   764
129.291,  0.654,   none, 3D,  1.456,  0.841, 92.461,   764
129.389,  0.995,   none, 3D,  1.456,  0.841, 92.363,   764
129.487,  1.316,   none, 3D,  1.456,  0.841, 92.265,   764
129.585,  1.622,   none, 3D,  1.456,  0.841, 92.167,   764
129.683,  1.925,   none, 3D,  1.456,  0.841, 92.069,   764
129.798,  2.278,   none, 3D,  1.516,  0.841, 91.971,   764
129.942,  2.852,   none, 3D,  1.607,  0.788, 91.873,   764
130.086,  3.673,   none, 3D,  1.698,  0.735, 91.774,   764
130.229,  4.681,   none, 3D,  1.789,  0.683, 91.676,   764
130.373,  5.771,   none, 3D,  1.880,  0.630, 91.578,   764
130.517,  6.798,   none, 3D,  1.971,  0.578, 91.480,   764
130.660,  7.603,   none, 3D,  2.062,  0.525, 91.382,   764
130.804,  8.048,   none, 3D,  2.153,  0.473, 91.284,   764
130.948,  8.050, saddle, 3D,  2.244,  0.420, 91.186,   764
131.092,  7.609,   none, 3D,  2.335,  0.368, 91.088,   764
131.235,  6.806,   none, 3D,  2.426,  0.315, 90.990,   764
131.379,  5.781,   none, 3D,  2.517,  0.263, 90.892,   764
131.523,  4.697,   none, 3D,  2.608,  0.210, 90.794,   764
131.666,  3.697,   none, 3D,  2.699,  0.158, 90.696,   764
131.810,  2.888,   none, 3D,  2.790,  0.105, 90.598,   764
131.954,  2.326,   none, 3D, -0.030,  0.053, 90.500,   764
132.069,  1.979,   none, 3D,  0.000,  0.000, 90.402,   764
132.167,  1.671,   none, 3D,  0.000,  0.000, 90.304,   764
132.265,  1.348,   none, 3D,  0.000,  0.000, 90.206,   764
132.363,  1.004,   none, 3D,  0.000,  0.000, 90.108,   764
132.461,  0.637,   none, 3D,  0.000,  0.000, 90.010,   764
132.559,  0.250,   none, 3D,  0.000,  0.000, 89.912,   764
132.657, -0.147,   none, 3D,  0.000,  0.000, 89.813,   764
132.756, -0.544,   none, 3D,  0.000,  0.000, 89.715,   764
132.854, -0.932,   none, 3D,  0.000,  0.000, 89.617,   764
132.952, -1.297,   none, 3D,  0.000,  0.000, 89.519,   764
133.050, -1.632,   none, 3D,  0.000,  0.000, 89.421,   764
133.148, -1.928,   none, 3D,  0.000,  0.000, 89.323,   764
133.246, -2.183,   none, 3D,  0.000,  0.000, 89.225,   764
133.344, -2.394,   none, 3D,  0.000,  0.000, 89.127,   764
133.442, -2.561,   none, 3D,  0.000,  0.000, 89.029,   764
133.540, -2.685,   none, 3D,  0.000,  0.000, 88.931,   764
133.638, -2.767,   none, 3D,  0.000,  0.000, 88.833,   764
133.736, -2.811,   none, 3D,  0.000,  0.000, 88.735,   764
133.834, -2.816,    Li1, 3D,  0.000,  0.000, 88.637,     7
133.932, -2.785,   none, 3D,  0.000,  0.000, 88.539,     7
134.030, -2.721,   none, 3D,  0.000,  0.000, 88.441,     7
134.128, -2.627,   none, 3D,  0.000,  0.000, 88.343,     7
134.226, -2.508,   none, 3D,  0.000,  0.000, 88.245,     7
134.324, -2.371,   none, 3D,  0.000,  0.000, 88.147,     7
134.422, -2.225,   none, 3D,  0.000,  0.000, 88.049,     7
134.520, -2.083,   none, 3D,  0.000,  0.000, 87.951,     7
134.618, -1.955,   none, 3D,  0.000,  0.000, 87.852,     7
134.716, -1.854,   none, 3D,  0.000,  0.000, 87.754,     7
134.815, -1.790,   none, 3D,  0.000,  0.000, 87.656,     7
134.913, -1.772, saddle, 3D,  0.000,  0.000, 87.558,     7
135.011, -1.800,   none, 3D,  0.000,  0.000, 87.460,     7
135.109, -1.872,   none, 3D,  0.000,  0.000, 87.362,     7
135.207, -1.979,   none, 3D,  0.000,  0.000, 87.264,     7
135.305, -2.109,   none, 3D,  0.000,  0.000, 87.166,     7
135.403, -2.244,   none, 3D,  0.000,  0.000, 87.068,     7
135.501, -2.361,   none, 3D,  0.000,  0.000, 86.970,     7
135.599, -2.436,  Li_i1, 3D,  0.000,  0.000, 86.872,   795
135.743, -2.404,   none, 3D,  2.821,  0.053, 86.774,   795
135.848, -2.334,   none, 3D,  2.730,  0.105, 86.774,   795
135.953, -2.243,   none, 3D,  2.639,  0.158, 86.774,   795
136.096, -2.172,   none, 3D,  2.548,  0.210, 86.676,   795
136.202, -2.144, saddle, 3D,  2.457,  0.263, 86.676,   795
136.345, -2.145,   none, 3D,  2.366,  0.315, 86.578,   795
136.450, -2.216,   none, 3D,  2.275,  0.368, 86.578,   795
136.555, -2.301,   none, 3D,  2.184,  0.420, 86.578,   795
136.699, -2.444,   none, 3D,  2.093,  0.473, 86.480,   795
136.804, -2.580,   none, 3D,  2.002,  0.525, 86.480,   795
136.948, -2.729,   none, 3D,  1.911,  0.578, 86.382,   795
137.053, -2.861,   none, 3D,  1.820,  0.630, 86.382,   795
137.197, -2.967,   none, 3D,  1.729,  0.683, 86.284,   795
137.302, -3.051,   none, 3D,  1.638,  0.735, 86.284,   795
137.407, -3.099,   none, 3D,  1.547,  0.788, 86.284,   795
137.512, -3.115,    Li5, 3D,  1.456,  0.841, 86.284,   369
137.617, -3.099,   none, 3D,  1.365,  0.893, 86.284,   369
137.722, -3.051,   none, 3D,  1.274,  0.946, 86.284,   369
137.827, -2.967,   none, 3D,  1.183,  0.998, 86.284,   369
137.971, -2.861,   none, 3D,  1.092,  1.051, 86.186,   369
138.076, -2.729,   none, 3D,  1.001,  1.103, 86.186,   369
138.220, -2.580,   none, 3D,  0.910,  1.156, 86.088,   369
138.325, -2.444,   none, 3D,  0.819,  1.208, 86.088,   369
138.468, -2.301,   none, 3D,  0.728,  1.261, 85.990,   369
138.573, -2.216,   none, 3D,  0.637,  1.313, 85.990,   369
138.678, -2.145,   none, 3D,  0.546,  1.366, 85.990,   369
138.822, -2.144, saddle, 3D,  0.455,  1.418, 85.892,   369
138.927, -2.172,   none, 3D,  0.364,  1.471, 85.892,   369
139.071, -2.243,   none, 3D,  0.273,  1.523, 85.793,   369
139.176, -2.334,   none, 3D,  0.182,  1.576, 85.793,   369
139.281, -2.404,   none, 3D,  0.091,  1.628, 85.793,   369
139.425, -2.436,  Li_i1, 3D,  0.000,  1.681, 85.695,   311
139.523, -2.361,   none, 3D,  0.000,  1.681, 85.597,   311
139.621, -2.244,   none, 3D,  0.000,  1.681, 85.499,   311
139.719, -2.109,   none, 3D,  0.000,  1.681, 85.401,   311
139.817, -1.979,   none, 3D,  0.000,  1.681, 85.303,   311
139.915, -1.872,   none, 3D,  0.000,  1.681, 85.205,   311
140.013, -1.800,   none, 3D,  0.000,  1.681, 85.107,   311
140.111, -1.772, saddle, 3D,  0.000,  1.681, 85.009,   311
140.209, -1.790,   none, 3D,  0.000,  1.681, 84.911,   311
140.307, -1.854,   none, 3D,  0.000,  1.681, 84.813,   311
140.405, -1.955,   none, 3D,  0.000,  1.681, 84.715,   311
140.503, -2.083,   none, 3D,  0.000,  1.681, 84.617,   311
140.601, -2.225,   none, 3D,  0.000,  1.681, 84.519,   311
140.699, -2.371,   none, 3D,  0.000,  1.681, 84.421,   311
140.797, -2.508,   none, 3D,  0.000,  1.681, 84.323,   311
140.895, -2.627,   none, 3D,  0.000,  1.681, 84.225,   311
140.994, -2.721,   none, 3D,  0.000,  1.681, 84.127,   311
141.092, -2.785,   none, 3D,  0.000,  1.681, 84.029,   311
141.190, -2.816,    Li1, 3D,  0.000,  1.681, 83.931,   468
141.288, -2.811,   none, 3D,  0.000,  1.681, 83.832,   468
141.386, -2.767,   none, 3D,  0.000,  1.681, 83.734,   468
141.484, -2.685,   none, 3D,  0.000,  1.681, 83.636,   468
141.582, -2.561,   none, 3D,  0.000,  1.681, 83.538,   468
141.680, -2.394,   none, 3D,  0.000,  1.681, 83.440,   468
141.778, -2.183,   none, 3D,  0.000,  1.681, 83.342,   468
141.876, -1.928,   none, 3D,  0.000,  1.681, 83.244,   468
141.974, -1.632,   none, 3D,  0.000,  1.681, 83.146,   468
142.072, -1.297,   none, 3D,  0.000,  1.681, 83.048,   468
142.170, -0.932,   none, 3D,  0.000,  1.681, 82.950,   468
142.268, -0.544,   none, 3D,  0.000,  1.681, 82.852,   468
142.366, -0.147,   none, 3D,  0.000,  1.681, 82.754,   468
142.464,  0.250,   none, 3D,  0.000,  1.681, 82.656,   468
142.562,  0.637,   none, 3D,  0.000,  1.681, 82.558,   468
142.660,  1.004,   none, 3D,  0.000,  1.681, 82.460,   468
142.758,  1.348,   none, 3D,  0.000,  1.681, 82.362,   468
142.856,  1.671,   none, 3D,  0.000,  1.681, 82.264,   468
142.955,  1.979,   none, 3D,  0.000,  1.681, 82.166,   468
143.070,  2.326,   none, 3D,  0.061,  1.681, 82.068,   468
143.214,  2.888,   none, 3D,  0.152,  1.628, 81.970,   468
143.357,  3.697,   none, 3D,  0.243,  1.576, 81.871,   468
143.501,  4.697,   none, 3D,  0.334,  1.523, 81.773,   468
143.645,  5.781,   none, 3D,  0.425,  1.471, 81.675,   468
143.788,  6.806,   none, 3D,  0.516,  1.418, 81.577,   468
143.932,  7.609,   none, 3D,  0.607,  1.366, 81.479,   468
144.076,  8.050, saddle, 3D,  0.698,  1.313, 81.381,   468
144.219,  8.048,   none, 3D,  0.789,  1.261, 81.283,   468
144.363,  7.603,   none, 3D,  0.880,  1.208, 81.185,   468
144.507,  6.798,   none, 3D,  0.971,  1.156, 81.087,   468
144.651,  5.771,   none, 3D,  1.062,  1.103, 80.989,   468
144.794,  4.681,   none, 3D,  1.153,  1.051, 80.891,   468
144.938,  3.673,   none, 3D,  1.243,  0.998, 80.793,   468
145.082,  2.852,   none, 3D,  1.334,  0.946, 80.695,   468
145.225,  2.278,   none, 3D,  1.425,  0.893, 80.597,   468
145.341,  1.925,   none, 3D,  1.456,  0.841, 80.499,   468
145.439,  1.622,   none, 3D,  1.456,  0.841, 80.401,   468
145.537,  1.316,   none, 3D,  1.456,  0.841, 80.303,   468
145.635,  0.995,   none, 3D,  1.456,  0.841, 80.205,   468
145.733,  0.654,   none, 3D,  1.456,  0.841, 80.107,   468
145.831,  0.295,   none, 3D,  1.456,  0.841, 80.009,   468
145.929, -0.077,   none, 3D,  1.456,  0.841, 79.910,   468
146.027, -0.452,   none, 3D,  1.456,  0.841, 79.812,   468
146.125, -0.820,   none, 3D,  1.456,  0.841, 79.714,   468
146.223, -1.168,   none, 3D,  1.456,  0.841, 79.616,   468
146.321, -1.488,   none, 3D,  1.456,  0.841, 79.518,   468
146.419, -1.770,   none, 3D,  1.456,  0.841, 79.420,   468
146.517, -2.009,   none, 3D,  1.456,  0.841, 79.322,   468
146.615, -2.202,   none, 3D,  1.456,  0.841, 79.224,   468
146.713, -2.347,   none, 3D,  1.456,  0.841, 79.126,   468
146.811, -2.445,   none, 3D,  1.456,  0.841, 79.028,   468
146.910, -2.495,   none, 3D,  1.456,  0.841, 78.930,   468
147.008, -2.497,    Li3, 3D,  1.456,  0.841, 78.832,   728
147.106, -2.452,   none, 3D,  1.456,  0.841, 78.734,   728
147.204, -2.360,   none, 3D,  1.456,  0.841, 78.636,   728
147.302, -2.219,   none, 3D,  1.456,  0.841, 78.538,   728
147.400, -2.031,   none, 3D,  1.456,  0.841, 78.440,   728
147.498, -1.796,   none, 3D,  1.456,  0.841, 78.342,   728
147.596, -1.516,   none, 3D,  1.456,  0.841, 78.244,   728
147.694, -1.198,   none, 3D,  1.456,  0.841, 78.146,   728
147.792, -0.849,   none, 3D,  1.456,  0.841, 78.048,   728
147.890, -0.477,   none, 3D,  1.456,  0.841, 77.949,   728
147.988, -0.096,   none, 3D,  1.456,  0.841, 77.851,   728
148.086,  0.285,   none, 3D,  1.456,  0.841, 77.753,   728
148.184,  0.653,   none, 3D,  1.456,  0.841, 77.655,   728
148.282,  1.003,   none, 3D,  1.456,  0.841, 77.557,   728
148.380,  1.331,   none, 3D,  1.456,  0.841, 77.459,   728
148.478,  1.640,   none, 3D,  1.456,  0.841, 77.361,   728
148.576,  1.938,   none, 3D,  1.456,  0.841, 77.263,   728
148.692,  2.278,   none, 3D,  1.486,  0.788, 77.165,   728
148.835,  2.831,   none, 3D,  1.577,  0.735, 77.067,   728
148.979,  3.626,   none, 3D,  1.668,  0.683, 76.969,   728
149.123,  4.605,   none, 3D,  1.759,  0.630, 76.871,   728
149.266,  5.665,   none, 3D,  1.850,  0.578, 76.773,   728
149.410,  6.665,   none, 3D,  1.941,  0.525, 76.675,   728
149.554,  7.450,   none, 3D,  2.032,  0.473, 76.577,   728
149.698,  7.886,   none, 3D,  2.123,  0.420, 76.479,   728
149.841,  7.895, saddle, 3D,  2.214,  0.368, 76.381,   728
149.985,  7.475,   none, 3D,  2.305,  0.315, 76.283,   728
150.129,  6.705,   none, 3D,  2.396,  0.263, 76.185,   728
150.272,  5.716,   none, 3D,  2.487,  0.210, 76.087,   728
150.416,  4.663,   none, 3D,  2.578,  0.158, 75.988,   728
150.560,  3.686,   none, 3D,  2.669,  0.105, 75.890,   728
150.704,  2.889,   none, 3D,  2.760,  0.053, 75.792,   728
150.847,  2.332,   none, 3D,  2.851,  0.000, 75.694,   728
150.963,  1.990,   none, 3D,  0.000,  0.000, 75.596,   728
151.061,  1.693,   none, 3D,  0.000,  0.000, 75.498,   728
151.159,  1.390,   none, 3D,  0.000,  0.000, 75.400,   728
151.257,  1.068,   none, 3D,  0.000,  0.000, 75.302,   728
151.355,  0.725,   none, 3D,  0.000,  0.000, 75.204,   728
151.453,  0.363,   none, 3D,  0.000,  0.000, 75.106,   728
151.551, -0.011,   none, 3D,  0.000,  0.000, 75.008,   728
151.649, -0.390,   none, 3D,  0.000,  0.000, 74.910,   728
151.747, -0.762,   none, 3D,  0.000,  0.000, 74.812,   728
151.845, -1.114,   none, 3D,  0.000,  0.000, 74.714,   728
151.943, -1.437,   none, 3D,  0.000,  0.000, 74.616,   728
152.041, -1.722,   none, 3D,  0.000,  0.000, 74.518,   728
152.139, -1.965,   none, 3D,  0.000,  0.000, 74.420,   728
152.237, -2.162,   none, 3D,  0.000,  0.000, 74.322,   728
152.335, -2.313,   none, 3D,  0.000,  0.000, 74.224,   728
152.433, -2.416,   none, 3D,  0.000,  0.000, 74.126,   728
152.531, -2.472,   none, 3D,  0.000,  0.000, 74.027,   728
152.629, -2.483,    Li2, 3D,  0.000,  0.000, 73.929,   172
152.727, -2.447,   none, 3D,  0.000,  0.000, 73.831,   172
152.826, -2.365,   none, 3D,  0.000,  0.000, 73.733,   172
152.924, -2.236,   none, 3D,  0.000,  0.000, 73.635,   172
153.022, -2.059,   none, 3D,  0.000,  0.000, 73.537,   172
153.120, -1.837,   none, 3D,  0.000,  0.000, 73.439,   172
153.218, -1.569,   none, 3D,  0.000,  0.000, 73.341,   172
153.316, -1.262,   none, 3D,  0.000,  0.000, 73.243,   172
153.414, -0.922,   none, 3D,  0.000,  0.000, 73.145,   172
153.512, -0.557,   none, 3D,  0.000,  0.000, 73.047,   172
153.610, -0.180,   none, 3D,  0.000,  0.000, 72.949,   172
153.708,  0.199,   none, 3D,  0.000,  0.000, 72.851,   172
153.806,  0.569,   none, 3D,  0.000,  0.000, 72.753,   172
153.904,  0.921,   none, 3D,  0.000,  0.000, 72.655,   172
154.002,  1.253,   none, 3D,  0.000,  0.000, 72.557,   172
154.100,  1.564,   none, 3D,  0.000,  0.000, 72.459,   172
154.198,  1.863,   none, 3D,  0.000,  0.000, 72.361,   172
154.314,  2.199,   none, 3D, -1.425,  2.469, 72.263,   172
154.457,  2.748,   none, 3D, -1.334,  2.416, 72.165,   172
154.601,  3.542,   none, 3D, -1.243,  2.364, 72.067,   172
154.745,  4.527,   none, 3D, -1.153,  2.311, 71.968,   172
154.888,  5.601,   none, 3D, -1.062,  2.259, 71.870,   172
155.032,  6.622,   none, 3D, -0.971,  2.206, 71.772,   172
155.176,  7.433,   none, 3D, -0.880,  2.154, 71.674,   172
155.319,  7.896,   none, 3D, -0.789,  2.101, 71.576,   172
155.463,  7.932, saddle, 3D, -0.698,  2.049, 71.478,   172
155.607,  7.536,   none, 3D, -0.607,  1.996, 71.380,   172
155.751,  6.784,   none, 3D, -0.516,  1.944, 71.282,   172
155.894,  5.809,   none, 3D, -0.425,  1.891, 71.184,   172
156.038,  4.763,   none, 3D, -0.334,  1.839, 71.086,   172
156.182,  3.786,   none, 3D, -0.243,  1.786, 70.988,   172
156.325,  2.986,   none, 3D, -0.152,  1.734, 70.890,   172
156.469,  2.423,   none, 3D, -0.061,  1.681, 70.792,   172
156.584,  2.075,   none, 3D,  0.000,  1.681, 70.694,   172
156.682,  1.779,   none, 3D,  0.000,  1.681, 70.596,   172
156.781,  1.478,   none, 3D,  0.000,  1.681, 70.498,   172
156.879,  1.161,   none, 3D,  0.000,  1.681, 70.400,   172
156.977,  0.824,   none, 3D,  0.000,  1.681, 70.302,   172
157.075,  0.466,   none, 3D,  0.000,  1.681, 70.204,   172
157.173,  0.093,   none, 3D,  0.000,  1.681, 70.106,   172
157.271, -0.287,   none, 3D,  0.000,  1.681, 70.007,   172
157.369, -0.661,   none, 3D,  0.000,  1.681, 69.909,   172
157.467, -1.020,   none, 3D,  0.000,  1.681, 69.811,   172
157.565, -1.351,   none, 3D,  0.000,  1.681, 69.713,   172
157.663, -1.647,   none, 3D,  0.000,  1.681, 69.615,   172
157.761, -1.902,   none, 3D,  0.000,  1.681, 69.517,   172
157.859, -2.111,   none, 3D,  0.000,  1.681, 69.419,   172
157.957, -2.274,   none, 3D,  0.000,  1.681, 69.321,   172
158.055, -2.389,   none, 3D,  0.000,  1.681, 69.223,   172
158.153, -2.458,   none, 3D,  0.000,  1.681, 69.125,   172
158.251, -2.481,    Li4, 3D,  0.000,  1.681, 69.027,   416
158.349, -2.458,   none, 3D,  0.000,  1.681, 68.929,   416
158.447, -2.389,   none, 3D,  0.000,  1.681, 68.831,   416
158.545, -2.274,   none, 3D,  0.000,  1.681, 68.733,   416
158.643, -2.111,   none, 3D,  0.000,  1.681, 68.635,   416
158.742, -1.902,   none, 3D,  0.000,  1.681, 68.537,   416
158.840, -1.647,   none, 3D,  0.000,  1.681, 68.439,   416
158.938, -1.351,   none, 3D,  0.000,  1.681, 68.341,   416
159.036, -1.020,   none, 3D,  0.000,  1.681, 68.243,   416
159.134, -0.661,   none, 3D,  0.000,  1.681, 68.145,   416
159.232, -0.287,   none, 3D,  0.000,  1.681, 68.046,   416
159.330,  0.093,   none, 3D,  0.000,  1.681, 67.948,   416
159.428,  0.466,   none, 3D,  0.000,  1.681, 67.850,   416
159.526,  0.824,   none, 3D,  0.000,  1.681, 67.752,   416
159.624,  1.161,   none, 3D,  0.000,  1.681, 67.654,   416
159.722,  1.478,   none, 3D,  0.000,  1.681, 67.556,   416
159.820,  1.779,   none, 3D,  0.000,  1.681, 67.458,   416
159.918,  2.075,   none, 3D,  0.000,  1.681, 67.360,   416
160.033,  2.423,   none, 3D,  0.030,  1.628, 67.262,   416
160.177,  2.986,   none, 3D,  0.121,  1.576, 67.164,   416
160.321,  3.786,   none, 3D,  0.212,  1.523, 67.066,   416
160.465,  4.763,   none, 3D,  0.303,  1.471, 66.968,   416
160.608,  5.809,   none, 3D,  0.394,  1.418, 66.870,   416
160.752,  6.784,   none, 3D,  0.485,  1.366, 66.772,   416
160.896,  7.536,   none, 3D,  0.576,  1.313, 66.674,   416
161.039,  7.932, saddle, 3D,  0.667,  1.261, 66.576,   416
161.183,  7.896,   none, 3D,  0.758,  1.208, 66.478,   416
161.327,  7.433,   none, 3D,  0.849,  1.156, 66.380,   416
161.471,  6.622,   none, 3D,  0.940,  1.103, 66.282,   416
161.614,  5.601,   none, 3D,  1.031,  1.051, 66.184,   416
161.758,  4.527,   none, 3D,  1.122,  0.998, 66.085,   416
161.902,  3.542,   none, 3D,  1.213,  0.946, 65.987,   416
162.045,  2.748,   none, 3D,  1.304,  0.893, 65.889,   416
162.189,  2.199,   none, 3D,  1.395,  0.841, 65.791,   416
162.304,  1.863,   none, 3D,  1.456,  0.841, 65.693,   416
162.402,  1.564,   none, 3D,  1.456,  0.841, 65.595,   416
162.500,  1.253,   none, 3D,  1.456,  0.841, 65.497,   416
162.598,  0.921,   none, 3D,  1.456,  0.841, 65.399,   416
162.697,  0.569,   none, 3D,  1.456,  0.841, 65.301,   416
162.795,  0.199,   none, 3D,  1.456,  0.841, 65.203,   416
162.893, -0.180,   none, 3D,  1.456,  0.841, 65.105,   416
162.991, -0.557,   none, 3D,  1.456,  0.841, 65.007,   416
163.089, -0.922,   none, 3D,  1.456,  0.841, 64.909,   416
163.187, -1.262,   none, 3D,  1.456,  0.841, 64.811,   416
163.285, -1.569,   none, 3D,  1.456,  0.841, 64.713,   416
163.383, -1.837,   none, 3D,  1.456,  0.841, 64.615,   416
163.481, -2.059,   none, 3D,  1.456,  0.841, 64.517,   416
163.579, -2.236,   none, 3D,  1.456,  0.841, 64.419,   416
163.677, -2.365,   none, 3D,  1.456,  0.841, 64.321,   416
163.775, -2.447,   none, 3D,  1.456,  0.841, 64.223,   416
163.873, -2.483,    Li2, 3D,  1.456,  0.841, 64.124,   712
163.971, -2.472,   none, 3D,  1.456,  0.841, 64.026,   712
164.069, -2.416,   none, 3D,  1.456,  0.841, 63.928,   712
164.167, -2.313,   none, 3D,  1.456,  0.841, 63.830,   712
164.265, -2.162,   none, 3D,  1.456,  0.841, 63.732,   712
164.363, -1.965,   none, 3D,  1.456,  0.841, 63.634,   712
164.461, -1.722,   none, 3D,  1.456,  0.841, 63.536,   712
164.559, -1.437,   none, 3D,  1.456,  0.841, 63.438,   712
164.658, -1.114,   none, 3D,  1.456,  0.841, 63.340,   712
164.756, -0.762,   none, 3D,  1.456,  0.841, 63.242,   712
164.854, -0.390,   none, 3D,  1.456,  0.841, 63.144,   712
164.952, -0.011,   none, 3D,  1.456,  0.841, 63.046,   712
165.050,  0.363,   none, 3D,  1.456,  0.841, 62.948,   712
165.148,  0.725,   none, 3D,  1.456,  0.841, 62.850,   712
165.246,  1.068,   none, 3D,  1.456,  0.841, 62.752,   712
165.344,  1.390,   none, 3D,  1.456,  0.841, 62.654,   712
165.442,  1.693,   none, 3D,  1.456,  0.841, 62.556,   712
165.540,  1.990,   none, 3D,  1.456,  0.841, 62.458,   712
165.655,  2.332,   none, 3D,  1.486,  0.788, 62.360,   712
165.799,  2.889,   none, 3D,  1.577,  0.735, 62.262,   712
165.943,  3.686,   none, 3D,  1.668,  0.683, 62.163,   712
166.086,  4.663,   none, 3D,  1.759,  0.630, 62.065,   712
166.230,  5.716,   none, 3D,  1.850,  0.578, 61.967,   712
166.374,  6.705,   none, 3D,  1.941,  0.525, 61.869,   712
166.518,  7.475,   none, 3D,  2.032,  0.473, 61.771,   712
166.661,  7.895, saddle, 3D,  2.123,  0.420, 61.673,   712
166.805,  7.886,   none, 3D,  2.214,  0.368, 61.575,   712
166.949,  7.450,   none, 3D,  2.305,  0.315, 61.477,   712
167.092,  6.665,   none, 3D,  2.396,  0.263, 61.379,   712
167.236,  5.665,   none, 3D,  2.487,  0.210, 61.281,   712
167.380,  4.605,   none, 3D,  2.578,  0.158, 61.183,   712
167.523,  3.626,   none, 3D,  2.669,  0.105, 61.085,   712
167.667,  2.831,   none, 3D,  2.760,  0.053, 60.987,   712
167.811,  2.278,   none, 3D,  2.851,  0.000, 60.889,   712
167.926,  1.938,   none, 3D,  0.000,  0.000, 60.791,   712
168.024,  1.640,   none, 3D,  0.000,  0.000, 60.693,   712
168.122,  1.331,   none, 3D,  0.000,  0.000, 60.595,   712
168.220,  1.003,   none, 3D,  0.000,  0.000, 60.497,   712
168.318,  0.653,   none, 3D,  0.000,  0.000, 60.399,   712
168.416,  0.285,   none, 3D,  0.000,  0.000, 60.301,   712
168.515, -0.096,   none, 3D,  0.000,  0.000, 60.202,   712
168.613, -0.477,   none, 3D,  0.000,  0.000, 60.104,   712
168.711, -0.849,   none, 3D,  0.000,  0.000, 60.006,   712
168.809, -1.198,   none, 3D,  0.000,  0.000, 59.908,   712
168.907, -1.516,   none, 3D,  0.000,  0.000, 59.810,   712
169.005, -1.796,   none, 3D,  0.000,  0.000, 59.712,   712
169.103, -2.031,   none, 3D,  0.000,  0.000, 59.614,   712
169.201, -2.219,   none, 3D,  0.000,  0.000, 59.516,   712
169.299, -2.360,   none, 3D,  0.000,  0.000, 59.418,   712
169.397, -2.452,   none, 3D,  0.000,  0.000, 59.320,   712
169.495, -2.497,    Li3, 3D,  0.000,  0.000, 59.222,   192
169.593, -2.495,   none, 3D,  0.000,  0.000, 59.124,   192
169.691, -2.445,   none, 3D,  0.000,  0.000, 59.026,   192
169.789, -2.347,   none, 3D,  0.000,  0.000, 58.928,   192
169.887, -2.202,   none, 3D,  0.000,  0.000, 58.830,   192
169.985, -2.009,   none, 3D,  0.000,  0.000, 58.732,   192
170.083, -1.770,   none, 3D,  0.000,  0.000, 58.634,   192
170.181, -1.488,   none, 3D,  0.000,  0.000, 58.536,   192
170.279, -1.168,   none, 3D,  0.000,  0.000, 58.438,   192
170.377, -0.820,   none, 3D,  0.000,  0.000, 58.340,   192
170.475, -0.452,   none, 3D,  0.000,  0.000, 58.242,   192
170.574, -0.077,   none, 3D,  0.000,  0.000, 58.143,   192
170.672,  0.295,   none, 3D,  0.000,  0.000, 58.045,   192
170.770,  0.654,   none, 3D,  0.000,  0.000, 57.947,   192
170.868,  0.995,   none, 3D,  0.000,  0.000, 57.849,   192
170.966,  1.316,   none, 3D,  0.000,  0.000, 57.751,   192
171.064,  1.622,   none, 3D,  0.000,  0.000, 57.653,   192
171.162,  1.925,   none, 3D,  0.000,  0.000, 57.555,   192
171.277,  2.278,   none, 3D,  0.061,  0.000, 57.457,   192
171.421,  2.852,   none, 3D, -1.304,  2.469, 57.359,   192
171.565,  3.673,   none, 3D, -1.213,  2.416, 57.261,   192
171.708,  4.681,   none, 3D, -1.122,  2.364, 57.163,   192
171.852,  5.771,   none, 3D, -1.031,  2.311, 57.065,   192
171.996,  6.798,   none, 3D, -0.940,  2.259, 56.967,   192
172.139,  7.603,   none, 3D, -0.849,  2.206, 56.869,   192
172.283,  8.048,   none, 3D, -0.758,  2.154, 56.771,   192
172.427,  8.050, saddle, 3D, -0.667,  2.101, 56.673,   192
172.571,  7.609,   none, 3D, -0.576,  2.049, 56.575,   192
172.714,  6.806,   none, 3D, -0.485,  1.996, 56.477,   192
172.858,  5.781,   none, 3D, -0.394,  1.944, 56.379,   192
173.002,  4.697,   none, 3D, -0.303,  1.891, 56.281,   192
173.145,  3.697,   none, 3D, -0.212,  1.839, 56.182,   192
173.289,  2.888,   none, 3D, -0.121,  1.786, 56.084,   192
173.433,  2.326,   none, 3D, -0.030,  1.734, 55.986,   192
173.548,  1.979,   none, 3D,  0.000,  1.681, 55.888,   192
173.646,  1.671,   none, 3D,  0.000,  1.681, 55.790,   192
173.744,  1.348,   none, 3D,  0.000,  1.681, 55.692,   192
173.842,  1.004,   none, 3D,  0.000,  1.681, 55.594,   192
173.940,  0.637,   none, 3D,  0.000,  1.681, 55.496,   192
174.038,  0.250,   none, 3D,  0.000,  1.681, 55.398,   192
174.136, -0.147,   none, 3D,  0.000,  1.681, 55.300,   192
174.234, -0.544,   none, 3D,  0.000,  1.681, 55.202,   192
174.332, -0.932,   none, 3D,  0.000,  1.681, 55.104,   192
174.431, -1.297,   none, 3D,  0.000,  1.681, 55.006,   192
174.529, -1.632,   none, 3D,  0.000,  1.681, 54.908,   192
174.627, -1.928,   none, 3D,  0.000,  1.681, 54.810,   192
174.725, -2.183,   none, 3D,  0.000,  1.681, 54.712,   192
174.823, -2.394,   none, 3D,  0.000,  1.681, 54.614,   192
174.921, -2.561,   none, 3D,  0.000,  1.681, 54.516,   192
175.019, -2.685,   none, 3D,  0.000,  1.681, 54.418,   192
175.117, -2.767,   none, 3D,  0.000,  1.681, 54.320,   192
175.215, -2.811,   none, 3D,  0.000,  1.681, 54.221,   192
175.313, -2.816,    Li1, 3D,  0.000,  1.681, 54.123,   309
175.411, -2.785,   none, 3D,  0.000,  1.681, 54.025,   309
175.509, -2.721,   none, 3D,  0.000,  1.681, 53.927,   309
175.607, -2.627,   none, 3D,  0.000,  1.681, 53.829,   309
175.705, -2.508,   none, 3D,  0.000,  1.681, 53.731,   309
175.803, -2.371,   none, 3D,  0.000,  1.681, 53.633,   309
175.901, -2.225,   none, 3D,  0.000,  1.681, 53.535,   309
175.999, -2.083,   none, 3D,  0.000,  1.681, 53.437,   309
176.097, -1.955,   none, 3D,  0.000,  1.681, 53.339,   309
176.195, -1.854,   none, 3D,  0.000,  1.681, 53.241,   309
176.293, -1.790,   none, 3D,  0.000,  1.681, 53.143,   309
176.392, -1.772, saddle, 3D,  0.000,  1.681, 53.045,   309
176.490, -1.800,   none, 3D,  0.000,  1.681, 52.947,   309
176.588, -1.872,   none, 3D,  0.000,  1.681, 52.849,   309
176.686, -1.979,   none, 3D,  0.000,  1.681, 52.751,   309
176.784, -2.109,   none, 3D,  0.000,  1.681, 52.653,   309
176.882, -2.244,   none, 3D,  0.000,  1.681, 52.555,   309
176.980, -2.361,   none, 3D,  0.000,  1.681, 52.457,   309
177.078, -2.436,  Li_i1, 3D,  0.000,  1.681, 52.359,   243
177.222, -2.404,   none, 3D, -0.091,  1.734, 52.260,   243
177.327, -2.334,   none, 3D, -0.182,  1.786, 52.260,   243
177.432, -2.243,   none, 3D, -0.273,  1.839, 52.260,   243
177.575, -2.172,   none, 3D, -0.364,  1.891, 52.162,   243
177.680, -2.144, saddle, 3D, -0.455,  1.944, 52.162,   243
177.824, -2.145,   none, 3D, -0.546,  1.996, 52.064,   243
177.929, -2.216,   none, 3D, -0.637,  2.049, 52.064,   243
178.034, -2.301,   none, 3D, -0.728,  2.101, 52.064,   243
178.178, -2.444,   none, 3D, -0.819,  2.154, 51.966,   243
178.283, -2.580,   none, 3D, -0.910,  2.206, 51.966,   243
178.427, -2.729,   none, 3D, -1.001,  2.259, 51.868,   243
178.532, -2.861,   none, 3D, -1.092,  2.311, 51.868,   243
178.676, -2.967,   none, 3D, -1.183,  2.364, 51.770,   243
178.781, -3.051,   none, 3D, -1.274,  2.416, 51.770,   243
178.886, -3.099,   none, 3D, -1.365,  2.469, 51.770,   243
178.991, -3.115,    Li5, 3D,  0.000,  0.000, 51.770,   649
179.096, -3.099,   none, 3D,  2.821,  0.053, 51.770,   649
179.201, -3.051,   none, 3D,  2.730,  0.105, 51.770,   649
179.306, -2.967,   none, 3D,  2.639,  0.158, 51.770,   649
179.450, -2.861,   none, 3D,  2.548,  0.210, 51.672,   649
179.555, -2.729,   none, 3D,  2.457,  0.263, 51.672,   649
179.698, -2.580,   none, 3D,  2.366,  0.315, 51.574,   649
179.803, -2.444,   none, 3D,  2.275,  0.368, 51.574,   649
179.947, -2.301,   none, 3D,  2.184,  0.420, 51.476,   649
180.052, -2.216,   none, 3D,  2.093,  0.473, 51.476,   649
180.157, -2.145,   none, 3D,  2.002,  0.525, 51.476,   649
180.301, -2.144, saddle, 3D,  1.911,  0.578, 51.378,   649
180.406, -2.172,   none, 3D,  1.820,  0.630, 51.378,   649
180.550, -2.243,   none, 3D,  1.729,  0.683, 51.280,   649
180.655, -2.334,   none, 3D,  1.638,  0.735, 51.280,   649
180.760, -2.404,   none, 3D,  1.547,  0.788, 51.280,   649
180.904, -2.436,  Li_i1, 3D,  1.456,  0.841, 51.182,   579
181.002, -2.361,   none, 3D,  1.456,  0.841, 51.084,   579
181.100, -2.244,   none, 3D,  1.456,  0.841, 50.986,   579
181.198, -2.109,   none, 3D,  1.456,  0.841, 50.888,   579
181.296, -1.979,   none, 3D,  1.456,  0.841, 50.790,   579
181.394, -1.872,   none, 3D,  1.456,  0.841, 50.692,   579
181.492, -1.800,   none, 3D,  1.456,  0.841, 50.594,   579
181.590, -1.772, saddle, 3D,  1.456,  0.841, 50.496,   579
181.688, -1.790,   none, 3D,  1.456,  0.841, 50.398,   579
181.786, -1.854,   none, 3D,  1.456,  0.841, 50.299,   579
181.884, -1.955,   none, 3D,  1.456,  0.841, 50.201,   579
181.982, -2.083,   none, 3D,  1.456,  0.841, 50.103,   579
182.080, -2.225,   none, 3D,  1.456,  0.841, 50.005,   579
182.178, -2.371,   none, 3D,  1.456,  0.841, 49.907,   579
182.276, -2.508,   none, 3D,  1.456,  0.841, 49.809,   579
182.374, -2.627,   none, 3D,  1.456,  0.841, 49.711,   579
182.472, -2.721,   none, 3D,  1.456,  0.841, 49.613,   579
182.570, -2.785,   none, 3D,  1.456,  0.841, 49.515,   579
227.501, -1.395,  Li_i4, 0D, -0.182,  1.576,  4.608,   272
227.562, -1.395, saddle, 0D, -0.121,  1.576,  4.608,   272
227.623, -1.399,   none, 0D, -0.091,  1.628,  4.608,   272
227.683, -1.400,   none, 0D, -0.061,  1.681,  4.608,   272
227.744, -1.402,  Li_i3, 0D,  0.000,  1.681,  4.608,   271
227.805, -1.400,   none, 0D, -0.061,  1.681,  4.608,   271
227.865, -1.399,   none, 0D, -0.091,  1.628,  4.608,   271
227.926, -1.395, saddle, 0D, -0.121,  1.576,  4.608,   271
