r_coor, energy,   site, dn,      x,      y,      z, index
 3.565, -1.497,  Li_i3, 1D,  5.142,  0.370,  3.546,   138
 3.689, -1.496,   none, 1D,  5.169,  0.461,  3.625,   138
 3.812, -1.486, saddle, 1D,  5.195,  0.553,  3.703,   138
 3.930, -1.511,   none, 1D,  5.282,  0.555,  3.782,   138
 4.053, -1.537,   none, 1D,  5.308,  0.646,  3.861,   138
 4.170, -1.605,   none, 1D,  5.395,  0.649,  3.940,   138
 4.325, -1.682,   none, 1D,  5.492,  0.740,  4.019,   138
 4.406, -1.789,   none, 1D,  5.508,  0.742,  4.097,   138
 4.560, -1.901,   none, 1D,  5.605,  0.833,  4.176,   138
 4.678, -2.026,   none, 1D,  5.692,  0.836,  4.255,   138
 4.758, -2.142,   none, 1D,  5.708,  0.838,  4.334,   138
 4.913, -2.253,   none, 1D,  5.805,  0.929,  4.413,   138
 4.993, -2.350,   none, 1D,  5.821,  0.932,  4.491,   138
 5.074, -2.424,   none, 1D,  5.837,  0.934,  4.570,   138
 5.197, -2.480,   none, 1D,  5.864,  1.025,  4.649,   138
 5.278, -2.524,   none, 1D,  5.880,  1.027,  4.728,   138
 5.358, -2.554,   none, 1D,  5.896,  1.030,  4.807,   138
 5.439, -2.570,   none, 1D,  5.912,  1.032,  4.885,   138
 5.534, -2.578,    Li1, 1D,  5.858,  1.034,  4.964,   152
 5.615, -2.576,   none, 1D,  5.874,  1.037,  5.043,   152
 5.695, -2.562,   none, 1D,  5.890,  1.039,  5.122,   152
 5.776, -2.537,   none, 1D,  5.906,  1.041,  5.201,   152
 5.899, -2.501,   none, 1D,  5.933,  1.133,  5.279,   152
 6.017, -2.458,   none, 1D,  6.020,  1.135,  5.358,   152
 6.097, -2.411,   none, 1D,  6.036,  1.137,  5.437,   152
 6.214, -2.356,   none, 1D,  6.123,  1.139,  5.516,   152
 6.338, -2.308,   none, 1D,  6.149,  1.231,  5.594,   152
 6.455, -2.270,   none, 1D,  6.236,  1.233,  5.673,   152
 6.536, -2.247,   none, 1D,  6.252,  1.235,  5.752,   152
 6.690, -2.237, saddle, 1D,  6.349,  1.327,  5.831,   152
 6.771, -2.255,   none, 1D,  6.365,  1.329,  5.910,   152
 6.926, -2.276,   none, 1D,  1.373,  1.420,  5.988,   152
 7.006, -2.333,   none, 1D,  1.389,  1.422,  6.067,   152
 7.087, -2.381,   none, 1D,  1.405,  1.425,  6.146,   152
 7.241, -2.430,   none, 1D,  1.502,  1.516,  6.225,   152
 7.322, -2.470,   none, 1D,  1.518,  1.518,  6.304,   152
 7.402, -2.481,  Li_i1, 1D,  1.534,  1.521,  6.382,     1
 7.520, -2.448,   none, 1D,  1.540,  1.434,  6.461,     1
 7.637, -2.371,   none, 1D,  1.547,  1.347,  6.540,     1
 7.771, -2.283,   none, 1D,  1.482,  1.260,  6.619,     1
 7.888, -2.204,   none, 1D,  1.488,  1.174,  6.698,     1
 8.005, -2.146,   none, 1D,  1.495,  1.087,  6.776,     1
 8.123, -2.119, saddle, 1D,  1.501,  1.000,  6.855,     1
 8.240, -2.126,   none, 1D,  1.507,  0.914,  6.934,     1
 8.357, -2.166,   none, 1D,  1.513,  0.827,  7.013,     1
 8.475, -2.232,   none, 1D,  1.519,  0.740,  7.092,     1
 8.592, -2.314,   none, 1D,  1.525,  0.653,  7.170,     1
 8.709, -2.400,   none, 1D,  1.532,  0.567,  7.249,     1
 8.827, -2.480,   none, 1D,  1.538,  0.480,  7.328,     1
 8.944, -2.544,   none, 1D,  1.544,  0.393,  7.407,     1
 9.061, -2.585,   none, 1D,  1.550,  0.307,  7.486,     1
 9.179, -2.599,    Li4, 1D,  0.000,  0.000,  0.000,     7
 9.296, -2.585,   none, 1D,  0.728,  6.322,  0.079,     7
 9.413, -2.544,   none, 1D,  0.734,  6.235,  0.158,     7
 9.531, -2.480,   none, 1D,  0.740,  6.148,  0.236,     7
 9.648, -2.400,   none, 1D,  0.746,  6.062,  0.315,     7
 9.765, -2.314,   none, 1D,  0.753,  5.975,  0.394,     7
 9.883, -2.232,   none, 1D,  0.759,  5.888,  0.473,     7
10.000, -2.166,   none, 1D,  0.765,  5.802,  0.552,     7
10.117, -2.126,   none, 1D,  0.771,  5.715,  0.630,     7
10.235, -2.119, saddle, 1D,  0.777,  5.628,  0.709,     7
10.352, -2.146,   none, 1D,  0.784,  5.541,  0.788,     7
10.469, -2.204,   none, 1D,  0.790,  5.455,  0.867,     7
10.587, -2.283,   none, 1D,  0.796,  5.368,  0.946,     7
10.720, -2.371,   none, 1D,  5.821,  5.281,  1.024,     7
10.838, -2.448,   none, 1D,  5.827,  5.195,  1.103,     7
10.955, -2.481,  Li_i1, 1D,  5.833,  5.108,  1.182,     8
11.036, -2.470,   none, 1D,  5.850,  5.110,  1.261,     8
11.116, -2.430,   none, 1D,  5.866,  5.112,  1.340,     8
11.271, -2.381,   none, 1D,  0.873,  5.204,  1.418,     8
11.351, -2.333,   none, 1D,  0.889,  5.206,  1.497,     8
11.432, -2.276,   none, 1D,  0.906,  5.208,  1.576,     8
11.586, -2.255,   none, 1D,  1.003,  5.300,  1.655,     8
11.667, -2.237, saddle, 1D,  1.019,  5.302,  1.734,     8
11.822, -2.247,   none, 1D,  1.116,  5.393,  1.812,     8
11.902, -2.270,   none, 1D,  1.132,  5.395,  1.891,     8
12.019, -2.308,   none, 1D,  1.219,  5.398,  1.970,     8
12.143, -2.356,   none, 1D,  1.245,  5.489,  2.049,     8
12.260, -2.411,   none, 1D,  1.332,  5.491,  2.127,     8
12.341, -2.458,   none, 1D,  1.348,  5.494,  2.206,     8
12.458, -2.501,   none, 1D,  1.435,  5.496,  2.285,     8
12.581, -2.537,   none, 1D,  1.461,  5.587,  2.364,     8
12.662, -2.562,   none, 1D,  1.478,  5.589,  2.443,     8
12.742, -2.576,   none, 1D,  1.494,  5.592,  2.521,     8
12.823, -2.578,    Li1, 1D,  1.510,  5.594,  2.600,   141
12.894, -2.576,   none, 1D,  1.439,  5.594,  2.600,   141
12.964, -2.562,   none, 1D,  1.369,  5.594,  2.600,   141
13.093, -2.533,   none, 1D,  1.324,  5.685,  2.679,   141
13.221, -2.469,   none, 1D,  1.280,  5.777,  2.758,   141
13.350, -2.374,   none, 1D,  1.235,  5.868,  2.837,   141
13.478, -2.254,   none, 1D,  6.280,  5.959,  2.915,   141
13.607, -2.116,   none, 1D,  6.236,  6.051,  2.994,   141
13.735, -1.969,   none, 1D,  6.191,  6.142,  3.073,   141
13.843, -1.829,   none, 1D,  6.131,  6.231,  3.073,   141
13.972, -1.706,   none, 1D,  6.086,  6.322,  3.152,   141
14.100, -1.606,   none, 1D,  6.042,  6.413,  3.231,   141
14.229, -1.537,   none, 1D,  5.276,  0.096,  3.309,   141
14.357, -1.499,   none, 1D,  5.231,  0.187,  3.388,   141
14.486, -1.490, saddle, 1D,  5.187,  0.279,  3.467,   141
16.384, -2.634,    Li5, 2D,  3.323,  0.110,  3.782,   112
16.454, -2.627,   none, 2D,  3.394,  0.110,  3.782,   112
16.525, -2.607,   none, 2D,  3.464,  0.110,  3.782,   112
16.653, -2.565,   none, 2D,  4.231,  6.427,  3.703,   112
16.761, -2.491,   none, 2D,  4.291,  6.338,  3.703,   112
16.890, -2.383,   none, 2D,  4.336,  6.247,  3.625,   112
16.997, -2.247,   none, 2D,  4.396,  6.158,  3.625,   112
17.126, -2.105,   none, 2D,  4.441,  6.067,  3.546,   112
17.254, -1.955,   none, 2D,  4.485,  5.975,  3.467,   112
17.383, -1.810,   none, 2D,  4.530,  5.884,  3.388,   112
17.491, -1.684,   none, 2D,  4.590,  5.795,  3.388,   112
17.619, -1.597,   none, 2D,  4.635,  5.704,  3.309,   112
17.748, -1.541,   none, 2D,  4.679,  5.612,  3.231,   112
17.876, -1.515,   none, 2D,  4.724,  5.521,  3.152,   112
18.005, -1.514, saddle, 2D,  4.768,  5.430,  3.073,   112
18.076, -1.524,   none, 2D,  4.839,  5.430,  3.073,   112
21.246, -1.532,  Li_i4, 2D,  2.484,  1.290,  4.570,    46
21.375, -1.524,   none, 2D,  2.529,  1.199,  4.491,    46
21.446, -1.514, saddle, 2D,  2.600,  1.199,  4.491,    46
21.574, -1.515,   none, 2D,  2.644,  1.107,  4.413,    46
21.703, -1.541,   none, 2D,  2.688,  1.016,  4.334,    46
21.831, -1.597,   none, 2D,  2.733,  0.925,  4.255,    46
21.960, -1.684,   none, 2D,  2.777,  0.833,  4.176,    46
22.067, -1.810,   none, 2D,  2.838,  0.744,  4.176,    46
22.196, -1.955,   none, 2D,  2.882,  0.653,  4.097,    46
22.324, -2.105,   none, 2D,  2.927,  0.562,  4.019,    46
22.453, -2.247,   none, 2D,  2.971,  0.471,  3.940,    46
22.561, -2.383,   none, 2D,  3.032,  0.382,  3.940,    46
22.689, -2.491,   none, 2D,  3.077,  0.290,  3.861,    46
22.797, -2.565,   none, 2D,  3.137,  0.201,  3.861,    46
22.925, -2.607,   none, 2D,  3.182,  0.110,  3.782,    46
22.996, -2.627,   none, 2D,  3.252,  0.110,  3.782,    46
27.883, -2.648,    Li2, 3D,  5.834,  2.785,  7.013,    14
27.954, -2.639,   none, 3D,  5.904,  2.785,  7.013,    14
28.025, -2.618,   none, 3D,  5.975,  2.785,  7.013,    14
28.095, -2.585,   none, 3D,  6.046,  2.785,  7.013,    14
28.224, -2.544,   none, 3D,  6.090,  2.694,  6.934,    14
28.295, -2.490,   none, 3D,  6.161,  2.694,  6.934,    14
28.365, -2.418,   none, 3D,  6.231,  2.694,  6.934,    14
28.485, -2.333,   none, 3D,  6.312,  2.783,  6.934,    14
28.556, -2.234,   none, 3D,  6.383,  2.783,  6.934,    14
28.676, -2.130,   none, 3D,  6.464,  2.872,  6.934,    14
28.796, -2.017,   none, 3D,  6.544,  2.961,  6.934,    14
28.867, -1.913,   none, 3D,  6.615,  2.961,  6.934,    14
28.963, -1.814,   none, 3D,  6.669,  2.958,  6.855,    14
29.034, -1.719,   none, 3D,  6.740,  2.958,  6.855,    14
29.154, -1.645,   none, 3D,  1.731,  3.047,  6.855,    14
29.225, -1.575,   none, 3D,  1.802,  3.047,  6.855,    14
29.345, -1.528,   none, 3D,  1.883,  3.136,  6.855,    14
29.415, -1.492,   none, 3D,  1.953,  3.136,  6.855,    14
29.536, -1.461,   none, 3D,  2.034,  3.225,  6.855,    14
29.606, -1.460,   none, 3D,  2.105,  3.225,  6.855,    14
29.677, -1.459,   none, 3D,  2.175,  3.225,  6.855,    14
29.748, -1.457, saddle, 3D,  2.246,  3.225,  6.855,    14
29.902, -1.461,   none, 3D,  2.343,  3.317,  6.934,    14
30.057, -1.470,   none, 3D,  2.440,  3.408,  7.013,    14
30.212, -1.494,   none, 3D,  2.537,  3.499,  7.092,    14
30.329, -1.544,   none, 3D,  2.624,  3.502,  7.170,    14
30.452, -1.629,   none, 3D,  2.650,  3.593,  7.249,    14
30.607, -1.732,   none, 3D,  2.747,  3.684,  7.328,    14
30.688, -1.856,   none, 3D,  2.763,  3.687,  7.407,    14
30.842, -1.994,   none, 3D,  2.860,  3.778,  7.486,    14
30.923, -2.127,   none, 3D,  1.320,  3.560,  0.000,    14
31.078, -2.262,   none, 3D,  1.417,  3.652,  0.079,    14
31.158, -2.377,   none, 3D,  1.433,  3.654,  0.158,    14
31.282, -2.476,   none, 3D,  1.459,  3.745,  0.236,    14
31.399, -2.554,   none, 3D,  1.546,  3.748,  0.315,    14
31.479, -2.607,   none, 3D,  1.562,  3.750,  0.394,    14
31.560, -2.638,   none, 3D,  1.579,  3.752,  0.473,    14
31.688, -2.648,    Li2, 3D,  1.534,  3.843,  0.552,    13
31.796, -2.624,   none, 3D,  1.474,  3.932,  0.552,    13
31.925, -2.582,   none, 3D,  1.429,  4.024,  0.630,    13
32.032, -2.526,   none, 3D,  1.368,  4.113,  0.630,    13
32.161, -2.456,   none, 3D,  1.324,  4.204,  0.709,    13
32.269, -2.386,   none, 3D,  1.263,  4.293,  0.709,    13
32.397, -2.321,   none, 3D,  1.219,  4.384,  0.788,    13
32.526, -2.266,   none, 3D,  1.174,  4.476,  0.867,    13
32.633, -2.239,   none, 3D,  1.114,  4.565,  0.867,    13
32.762, -2.238, saddle, 3D,  1.069,  4.656,  0.946,    13
32.890, -2.260,   none, 3D,  1.025,  4.747,  1.024,    13
32.998, -2.309,   none, 3D,  0.964,  4.836,  1.024,    13
33.127, -2.374,   none, 3D,  0.920,  4.928,  1.103,    13
33.255, -2.433,   none, 3D,  0.875,  5.019,  1.182,    13
33.363, -2.476,   none, 3D,  0.815,  5.108,  1.182,    13
36.880, -2.481,  Li_i1, 3D,  1.534,  1.521,  6.382,   149
36.951, -2.476,   none, 3D,  1.464,  1.521,  6.382,   149
37.058, -2.433,   none, 3D,  6.493,  1.610,  6.382,   149
37.187, -2.374,   none, 3D,  6.448,  1.701,  6.461,   149
37.315, -2.309,   none, 3D,  6.404,  1.792,  6.540,   149
37.423, -2.260,   none, 3D,  6.343,  1.881,  6.540,   149
37.552, -2.238, saddle, 3D,  6.299,  1.973,  6.619,   149
37.680, -2.239,   none, 3D,  6.254,  2.064,  6.698,   149
37.788, -2.266,   none, 3D,  6.193,  2.153,  6.698,   149
37.916, -2.321,   none, 3D,  6.149,  2.244,  6.776,   149
38.045, -2.386,   none, 3D,  6.104,  2.335,  6.855,   149
38.153, -2.456,   none, 3D,  6.044,  2.424,  6.855,   149
38.281, -2.526,   none, 3D,  5.999,  2.516,  6.934,   149
38.389, -2.582,   none, 3D,  5.939,  2.605,  6.934,   149
38.517, -2.624,   none, 3D,  5.894,  2.696,  7.013,   149
38.625, -2.648,    Li2, 0D,  5.834,  2.785,  7.013,   122
38.706, -2.639,   none, 0D,  5.817,  2.783,  6.934,   122
38.823, -2.609,   none, 0D,  5.730,  2.780,  6.855,   122
38.903, -2.558,   none, 0D,  5.714,  2.778,  6.776,   122
38.984, -2.484,   none, 0D,  5.698,  2.776,  6.698,   122
39.101, -2.393,   none, 0D,  5.611,  2.774,  6.619,   122
39.225, -2.287,   none, 0D,  5.585,  2.682,  6.540,   122
39.342, -2.174,   none, 0D,  5.498,  2.680,  6.461,   122
39.459, -2.049,   none, 0D,  5.411,  2.678,  6.382,   122
39.583, -1.939,   none, 0D,  5.385,  2.586,  6.304,   122
39.700, -1.833,   none, 0D,  5.298,  2.584,  6.225,   122
39.823, -1.740,   none, 0D,  5.272,  2.493,  6.146,   122
39.941, -1.676,   none, 0D,  5.185,  2.491,  6.067,   122
40.021, -1.613,   none, 0D,  5.169,  2.488,  5.988,   122
40.176, -1.588,   none, 0D,  5.072,  2.397,  5.910,   122
40.304, -1.548,   none, 0D,  5.116,  2.306,  5.831,   122
40.433, -1.497,   none, 0D,  5.161,  2.214,  5.752,   122
40.562, -1.463,   none, 0D,  5.205,  2.123,  5.673,   122
40.690, -1.461, saddle, 0D,  5.249,  2.032,  5.594,   122
40.819, -1.500,   none, 0D,  5.294,  1.940,  5.516,   122
40.947, -1.579,   none, 0D,  5.338,  1.849,  5.437,   122
41.076, -1.692,   none, 0D,  5.383,  1.758,  5.358,   122
41.183, -1.834,   none, 0D,  5.444,  1.669,  5.358,   122
41.312, -1.992,   none, 0D,  5.488,  1.578,  5.279,   122
41.440, -2.146,   none, 0D,  5.532,  1.486,  5.201,   122
41.569, -2.284,   none, 0D,  5.577,  1.395,  5.122,   122
41.677, -2.406,   none, 0D,  5.638,  1.306,  5.122,   122
41.805, -2.494,   none, 0D,  5.682,  1.215,  5.043,   122
41.913, -2.551,   none, 0D,  5.743,  1.126,  5.043,   122
42.041, -2.570,   none, 0D,  5.787,  1.034,  4.964,   122
42.112, -2.578,    Li1, 0D,  5.858,  1.034,  4.964,   152
42.193, -2.576,   none, 0D,  5.874,  1.037,  5.043,   152
42.273, -2.562,   none, 0D,  5.890,  1.039,  5.122,   152
42.354, -2.537,   none, 0D,  5.906,  1.041,  5.201,   152
42.477, -2.501,   none, 0D,  5.933,  1.133,  5.279,   152
42.594, -2.458,   none, 0D,  6.020,  1.135,  5.358,   152
42.675, -2.411,   none, 0D,  6.036,  1.137,  5.437,   152
42.792, -2.356,   none, 0D,  6.123,  1.139,  5.516,   152
42.916, -2.308,   none, 0D,  6.149,  1.231,  5.594,   152
43.033, -2.270,   none, 0D,  6.236,  1.233,  5.673,   152
43.113, -2.247,   none, 0D,  6.252,  1.235,  5.752,   152
43.268, -2.237, saddle, 0D,  6.349,  1.327,  5.831,   152
43.349, -2.255,   none, 0D,  6.365,  1.329,  5.910,   152
43.503, -2.276,   none, 0D,  1.373,  1.420,  5.988,   152
43.584, -2.333,   none, 0D,  1.389,  1.422,  6.067,   152
43.664, -2.381,   none, 0D,  1.405,  1.425,  6.146,   152
43.819, -2.430,   none, 0D,  1.502,  1.516,  6.225,   152
43.899, -2.470,   none, 0D,  1.518,  1.518,  6.304,   152
43.980, -2.481,  Li_i1, 0D,  1.534,  1.521,  6.382,   149
44.051, -2.476,   none, 0D,  1.464,  1.521,  6.382,   149
44.158, -2.433,   none, 0D,  6.493,  1.610,  6.382,   149
44.287, -2.374,   none, 0D,  6.448,  1.701,  6.461,   149
44.415, -2.309,   none, 0D,  6.404,  1.792,  6.540,   149
44.523, -2.260,   none, 0D,  6.343,  1.881,  6.540,   149
44.652, -2.238, saddle, 0D,  6.299,  1.973,  6.619,   149
44.780, -2.239,   none, 0D,  6.254,  2.064,  6.698,   149
44.888, -2.266,   none, 0D,  6.193,  2.153,  6.698,   149
45.016, -2.321,   none, 0D,  6.149,  2.244,  6.776,   149
45.145, -2.386,   none, 0D,  6.104,  2.335,  6.855,   149
45.253, -2.456,   none, 0D,  6.044,  2.424,  6.855,   149
45.381, -2.526,   none, 0D,  5.999,  2.516,  6.934,   149
45.489, -2.582,   none, 0D,  5.939,  2.605,  6.934,   149
45.617, -2.624,   none, 0D,  5.894,  2.696,  7.013,   149
