r_coor, energy,   site, dn,      x,      y,      z, index
 4.006, -1.910,  Li_i6, 1D,  3.853,  4.954,  7.386,   120
 4.121, -1.907,   none, 1D,  3.932,  4.954,  7.302,   120
 4.268, -1.905,   none, 1D,  4.011,  5.045,  7.218,   120
 4.383, -1.899,   none, 1D,  4.089,  5.045,  7.134,   120
 4.498, -1.888,   none, 1D,  4.168,  5.045,  7.050,   120
 4.645, -1.884, saddle, 1D,  4.247,  5.137,  6.966,   120
 4.760, -1.886,   none, 1D,  4.325,  5.137,  6.882,   120
 4.875, -1.892,   none, 1D,  4.404,  5.137,  6.798,   120
 4.959, -1.902,   none, 1D,  4.405,  5.137,  6.714,   120
 5.074, -1.916,   none, 1D,  4.483,  5.137,  6.631,   120
 5.221, -1.942,   none, 1D,  4.562,  5.229,  6.547,   120
 5.336, -1.965,   none, 1D,  4.641,  5.229,  6.463,   120
 5.483, -1.981,   none, 1D,  4.719,  5.321,  6.379,   120
 5.598, -1.996,   none, 1D,  4.798,  5.321,  6.295,   120
 5.745, -1.998,   none, 1D,  4.877,  5.412,  6.211,   120
 5.866, -1.999,   none, 1D,  4.955,  5.504,  6.211,   120
 5.986, -2.000,   none, 1D,  5.033,  5.596,  6.211,   120
 6.133, -2.006,   none, 1D,  5.111,  5.688,  6.127,   120
 6.254, -2.015,   none, 1D,  5.189,  5.779,  6.127,   120
 6.374, -2.024,   none, 1D,  5.267,  5.871,  6.127,   120
 6.521, -2.036,   none, 1D,  5.346,  5.963,  6.043,   120
 6.642, -2.047,   none, 1D,  5.424,  6.054,  6.043,   120
 6.789, -2.054,   none, 1D,  5.503,  6.146,  5.959,   120
 6.909, -2.059,   none, 1D,  5.581,  6.238,  5.959,   120
 7.034, -2.061,   none, 1D,  5.582,  6.330,  5.875,   120
 7.158, -2.065,   none, 1D,  5.582,  6.421,  5.791,   120
 7.305, -2.072,   none, 1D,  5.505,  6.513,  5.707,   120
 7.429, -2.080,   none, 1D,  5.505,  0.000,  5.623,   120
 7.513, -2.085,   none, 1D,  5.506,  0.000,  5.539,   120
 7.597, -2.088,  Li_i9, 1D,  5.506,  0.000,  5.455,   115
 7.681, -2.085,   none, 1D,  5.506,  0.000,  5.539,   115
 7.765, -2.080,   none, 1D,  5.505,  0.000,  5.623,   115
 7.889, -2.072,   none, 1D,  5.505,  0.092,  5.707,   115
 8.036, -2.065,   none, 1D,  5.582,  0.183,  5.791,   115
 8.160, -2.061,   none, 1D,  5.582,  0.275,  5.875,   115
 8.284, -2.059,   none, 1D,  5.581,  0.367,  5.959,   115
 8.405, -2.054,   none, 1D,  5.503,  0.459,  5.959,   115
 8.552, -2.047,   none, 1D,  5.424,  0.550,  6.043,   115
 8.672, -2.036,   none, 1D,  5.346,  0.642,  6.043,   115
 8.819, -2.024,   none, 1D,  5.267,  0.734,  6.127,   115
 8.940, -2.015,   none, 1D,  5.189,  0.826,  6.127,   115
 9.060, -2.006,   none, 1D,  5.111,  0.917,  6.127,   115
 9.207, -2.000,   none, 1D,  5.033,  1.009,  6.211,   115
 9.328, -1.999,   none, 1D,  4.955,  1.101,  6.211,   115
 9.448, -1.998,   none, 1D,  4.877,  1.193,  6.211,   115
 9.596, -1.996,   none, 1D,  4.798,  1.284,  6.295,   115
 9.711, -1.981,   none, 1D,  4.719,  1.284,  6.379,   115
 9.858, -1.965,   none, 1D,  4.641,  1.376,  6.463,   115
 9.973, -1.942,   none, 1D,  4.562,  1.376,  6.547,   115
10.120, -1.916,   none, 1D,  4.483,  1.468,  6.631,   115
10.235, -1.902,   none, 1D,  4.405,  1.468,  6.714,   115
10.319, -1.892,   none, 1D,  4.404,  1.468,  6.798,   115
10.434, -1.886,   none, 1D,  4.325,  1.468,  6.882,   115
10.549, -1.884, saddle, 1D,  4.247,  1.468,  6.966,   115
10.696, -1.888,   none, 1D,  4.168,  1.559,  7.050,   115
10.811, -1.899,   none, 1D,  4.089,  1.559,  7.134,   115
10.926, -1.905,   none, 1D,  4.011,  1.559,  7.218,   115
11.073, -1.907,   none, 1D,  3.932,  1.651,  7.302,   115
11.188, -1.910,  Li_i6, 1D,  3.853,  1.651,  7.386,   101
11.335, -1.905,   none, 1D,  3.775,  1.743,  7.470,   101
11.419, -1.902,   none, 1D,  3.774,  1.743,  7.554,   101
11.544, -1.897,   none, 1D,  3.774,  1.835,  7.638,   101
11.691, -1.895, saddle, 1D,  3.695,  1.926,  7.722,   101
11.815, -1.897,   none, 1D,  3.694,  2.018,  7.806,   101
11.962, -1.902,   none, 1D,  3.616,  2.110,  7.889,   101
12.087, -1.908,   none, 1D,  3.615,  2.202,  7.973,   101
12.207, -1.910,  Li_i6, 1D,  3.537,  2.293,  7.973,   116
12.321, -1.909,   none, 1D,  3.670,  2.293,  0.000,   116
12.468, -1.907,   none, 1D,  3.693,  2.202,  7.973,   116
12.615, -1.904,   none, 1D,  3.826,  2.293,  0.000,   116
12.693, -1.899,   none, 1D,  3.904,  2.293,  0.000,   116
12.813, -1.889,   none, 1D,  3.982,  2.385,  0.000,   116
12.960, -1.881,   none, 1D,  4.060,  2.477,  0.084,   116
13.080, -1.873,   none, 1D,  4.138,  2.569,  0.084,   116
13.201, -1.867,   none, 1D,  4.216,  2.660,  0.084,   116
13.347, -1.863, saddle, 1D,  4.293,  2.752,  0.168,   116
13.468, -1.868,   none, 1D,  4.371,  2.844,  0.168,   116
13.588, -1.877,   none, 1D,  4.449,  2.936,  0.168,   116
13.709, -1.890,   none, 1D,  4.527,  3.027,  0.168,   116
13.829, -1.904,   none, 1D,  4.606,  3.119,  0.168,   116
13.950, -1.919,   none, 1D,  4.684,  3.211,  0.168,   116
14.070, -1.928,   none, 1D,  4.762,  3.302,  0.168,   116
14.148, -1.930,    Li9, 1D,  4.840,  3.302,  0.168,   119
14.226, -1.928,   none, 1D,  4.762,  3.302,  0.168,   119
14.347, -1.919,   none, 1D,  4.684,  3.394,  0.168,   119
14.467, -1.904,   none, 1D,  4.606,  3.486,  0.168,   119
14.588, -1.890,   none, 1D,  4.527,  3.578,  0.168,   119
14.708, -1.877,   none, 1D,  4.449,  3.669,  0.168,   119
14.829, -1.868,   none, 1D,  4.371,  3.761,  0.168,   119
14.949, -1.863, saddle, 1D,  4.293,  3.853,  0.168,   119
15.096, -1.867,   none, 1D,  4.216,  3.945,  0.084,   119
15.216, -1.873,   none, 1D,  4.138,  4.036,  0.084,   119
15.337, -1.881,   none, 1D,  4.060,  4.128,  0.084,   119
15.483, -1.889,   none, 1D,  3.982,  4.220,  0.000,   119
15.604, -1.899,   none, 1D,  3.904,  4.312,  0.000,   119
15.682, -1.904,   none, 1D,  3.826,  4.312,  0.000,   119
15.828, -1.907,   none, 1D,  3.693,  4.403,  7.973,   119
15.975, -1.909,   none, 1D,  3.670,  4.312,  0.000,   119
16.089, -1.910,  Li_i6, 1D,  3.537,  4.312,  7.973,   102
16.210, -1.908,   none, 1D,  3.615,  4.403,  7.973,   102
16.334, -1.902,   none, 1D,  3.616,  4.495,  7.889,   102
16.481, -1.897,   none, 1D,  3.694,  4.587,  7.806,   102
16.606, -1.895, saddle, 1D,  3.695,  4.678,  7.722,   102
16.753, -1.897,   none, 1D,  3.774,  4.770,  7.638,   102
16.877, -1.902,   none, 1D,  3.774,  4.862,  7.554,   102
16.961, -1.905,   none, 1D,  3.775,  4.862,  7.470,   102
21.798, -2.138,    Li4, 2D,  7.294,  1.651,  6.631,   210
21.923, -2.131,   none, 2D,  7.294,  1.743,  6.714,   210
22.047, -2.088,   none, 2D,  7.293,  1.835,  6.798,   210
22.194, -2.032,   none, 2D,  7.370,  1.926,  6.882,   210
22.318, -1.981,   none, 2D,  7.370,  2.018,  6.966,   210
22.442, -1.943,   none, 2D,  7.369,  2.110,  7.050,   210
22.567, -1.925, saddle, 2D,  7.369,  2.202,  7.134,   210
22.691, -1.929,   none, 2D,  7.368,  2.293,  7.218,   210
22.815, -1.953,   none, 2D,  7.368,  2.385,  7.302,   210
22.940, -1.990,   none, 2D,  7.367,  2.477,  7.386,   210
23.064, -2.034,   none, 2D,  7.366,  2.569,  7.470,   210
23.188, -2.077,   none, 2D,  7.366,  2.660,  7.554,   210
23.313, -2.114,   none, 2D,  7.365,  2.752,  7.638,   210
23.437, -2.143,   none, 2D,  7.365,  2.844,  7.722,   210
23.529, -2.163,   none, 2D,  7.365,  2.936,  7.722,   210
23.675, -2.177,   none, 2D, -0.053,  3.027,  7.806,   210
23.767, -2.186,   none, 2D, -0.053,  3.119,  7.806,   210
23.887, -2.192,   none, 2D,  0.025,  3.211,  7.806,   210
23.979, -2.195,  Li_i1, 2D,  0.025,  3.302,  7.806,    38
24.057, -2.193,   none, 2D,  0.103,  3.302,  7.806,    38
24.171, -2.184,   none, 2D,  0.180,  3.302,  7.889,    38
24.286, -2.169,   none, 2D,  0.258,  3.302,  7.973,    38
24.400, -2.149,   none, 2D,  0.390,  3.302,  0.000,    38
24.514, -2.128,   none, 2D,  0.468,  3.302,  0.084,    38
24.628, -2.105,   none, 2D,  0.545,  3.302,  0.168,    38
24.743, -2.080,   none, 2D,  0.623,  3.302,  0.252,    38
24.821, -2.054,   none, 2D,  0.701,  3.302,  0.252,    38
24.935, -2.030,   none, 2D,  0.778,  3.302,  0.336,    38
25.049, -2.003,   none, 2D,  0.856,  3.302,  0.420,    38
25.127, -1.985,   none, 2D,  0.934,  3.302,  0.420,    38
25.242, -1.965,   none, 2D,  1.012,  3.302,  0.504,    38
25.320, -1.956,   none, 2D,  1.090,  3.302,  0.504,    38
25.398, -1.946,   none, 2D,  1.168,  3.302,  0.504,    38
25.512, -1.944, saddle, 2D,  1.245,  3.302,  0.588,    38
29.165, -2.029, Li_i14, 2D,  6.672,  1.468,  6.211,   184
29.279, -2.029, saddle, 2D,  6.750,  1.468,  6.295,   184
29.426, -2.032,   none, 2D,  6.827,  1.559,  6.379,   184
29.504, -2.048,   none, 2D,  6.905,  1.559,  6.379,   184
29.618, -2.067,   none, 2D,  6.983,  1.559,  6.463,   184
29.732, -2.085,   none, 2D,  7.060,  1.559,  6.547,   184
29.879, -2.112,   none, 2D,  7.138,  1.651,  6.631,   184
29.957, -2.136,   none, 2D,  7.216,  1.651,  6.631,   184
33.260, -2.138,    Li4, 2D,  7.294,  4.954,  6.631,   212
33.385, -2.131,   none, 2D,  7.294,  4.862,  6.714,   212
33.509, -2.088,   none, 2D,  7.293,  4.770,  6.798,   212
33.655, -2.032,   none, 2D,  7.370,  4.678,  6.882,   212
33.780, -1.981,   none, 2D,  7.370,  4.587,  6.966,   212
33.904, -1.943,   none, 2D,  7.369,  4.495,  7.050,   212
34.028, -1.925, saddle, 2D,  7.369,  4.403,  7.134,   212
34.153, -1.929,   none, 2D,  7.368,  4.312,  7.218,   212
34.277, -1.953,   none, 2D,  7.368,  4.220,  7.302,   212
34.401, -1.990,   none, 2D,  7.367,  4.128,  7.386,   212
34.526, -2.034,   none, 2D,  7.366,  4.036,  7.470,   212
34.650, -2.077,   none, 2D,  7.366,  3.945,  7.554,   212
34.774, -2.114,   none, 2D,  7.365,  3.853,  7.638,   212
34.899, -2.143,   none, 2D,  7.365,  3.761,  7.722,   212
34.990, -2.163,   none, 2D,  7.365,  3.669,  7.722,   212
35.137, -2.177,   none, 2D, -0.053,  3.578,  7.806,   212
35.229, -2.186,   none, 2D, -0.053,  3.486,  7.806,   212
35.349, -2.192,   none, 2D,  0.025,  3.394,  7.806,   212
35.441, -2.195,  Li_i1, 2D,  0.025,  3.302,  7.806,    38
35.519, -2.193,   none, 2D,  0.103,  3.302,  7.806,    38
35.633, -2.184,   none, 2D,  0.180,  3.302,  7.889,    38
35.748, -2.169,   none, 2D,  0.258,  3.302,  7.973,    38
35.862, -2.149,   none, 2D,  0.390,  3.302,  0.000,    38
35.976, -2.128,   none, 2D,  0.468,  3.302,  0.084,    38
36.090, -2.105,   none, 2D,  0.545,  3.302,  0.168,    38
36.204, -2.080,   none, 2D,  0.623,  3.302,  0.252,    38
36.283, -2.054,   none, 2D,  0.701,  3.302,  0.252,    38
36.397, -2.030,   none, 2D,  0.778,  3.302,  0.336,    38
36.511, -2.003,   none, 2D,  0.856,  3.302,  0.420,    38
36.589, -1.985,   none, 2D,  0.934,  3.302,  0.420,    38
36.703, -1.965,   none, 2D,  1.012,  3.302,  0.504,    38
36.781, -1.956,   none, 2D,  1.090,  3.302,  0.504,    38
36.860, -1.946,   none, 2D,  1.168,  3.302,  0.504,    38
36.974, -1.944, saddle, 2D,  1.245,  3.302,  0.588,    38
40.627, -2.029, Li_i14, 2D,  6.672,  5.137,  6.211,   188
40.741, -2.029, saddle, 2D,  6.750,  5.137,  6.295,   188
40.888, -2.032,   none, 2D,  6.827,  5.045,  6.379,   188
40.966, -2.048,   none, 2D,  6.905,  5.045,  6.379,   188
41.080, -2.067,   none, 2D,  6.983,  5.045,  6.463,   188
41.194, -2.085,   none, 2D,  7.060,  5.045,  6.547,   188
41.341, -2.112,   none, 2D,  7.138,  4.954,  6.631,   188
41.419, -2.136,   none, 2D,  7.216,  4.954,  6.631,   188
45.568, -2.003,    Li1, 3D,  0.148,  1.743,  1.175,    42
45.715, -1.992,   none, 3D,  0.226,  1.651,  1.259,    42
45.793, -1.977,   none, 3D,  0.304,  1.651,  1.259,    42
45.939, -1.949,   none, 3D,  0.381,  1.559,  1.343,    42
46.017, -1.929,   none, 3D,  0.459,  1.559,  1.343,    42
46.131, -1.909,   none, 3D,  0.537,  1.559,  1.427,    42
46.246, -1.885,   none, 3D,  0.614,  1.559,  1.511,    42
46.366, -1.871,   none, 3D,  0.692,  1.468,  1.511,    42
46.480, -1.859,   none, 3D,  0.770,  1.468,  1.595,    42
46.558, -1.844,   none, 3D,  0.848,  1.468,  1.595,    42
46.673, -1.828,   none, 3D,  0.925,  1.468,  1.679,    42
46.819, -1.811,   none, 3D,  1.003,  1.376,  1.763,    42
46.933, -1.786,   none, 3D,  1.080,  1.376,  1.846,    42
47.080, -1.759,   none, 3D,  1.158,  1.284,  1.930,    42
47.227, -1.727,   none, 3D,  1.235,  1.193,  2.014,    42
47.373, -1.698,   none, 3D,  1.313,  1.101,  2.098,    42
47.520, -1.673,   none, 3D,  1.391,  1.009,  2.182,    42
47.644, -1.655,   none, 3D,  1.390,  0.917,  2.266,    42
47.790, -1.645,   none, 3D,  1.467,  0.826,  2.350,    42
47.937, -1.641, saddle, 3D,  1.545,  0.734,  2.434,    42
48.061, -1.643,   none, 3D,  1.544,  0.642,  2.518,    42
48.208, -1.653,   none, 3D,  1.622,  0.550,  2.602,    42
48.332, -1.670,   none, 3D,  1.621,  0.459,  2.686,    42
48.456, -1.693,   none, 3D,  1.621,  0.367,  2.770,    42
48.581, -1.722,   none, 3D,  1.620,  0.275,  2.854,    42
48.705, -1.756,   none, 3D,  1.620,  0.183,  2.938,    42
48.829, -1.791,   none, 3D,  1.619,  0.092,  3.022,    42
48.977, -1.825,   none, 3D,  1.540,  0.000,  3.105,    42
49.092, -1.856,   none, 3D,  1.462,  0.000,  3.189,    42
49.176, -1.889,   none, 3D,  1.461,  0.000,  3.273,    42
49.291, -1.925,   none, 3D,  1.382,  0.000,  3.357,    42
49.406, -1.963,   none, 3D,  1.304,  0.000,  3.441,    42
49.521, -2.001,   none, 3D,  1.225,  0.000,  3.525,    42
49.605, -2.040,   none, 3D,  1.225,  0.000,  3.609,    42
49.720, -2.077,   none, 3D,  1.146,  0.000,  3.693,    42
49.835, -2.105,   none, 3D,  1.067,  0.000,  3.777,    42
49.919, -2.120,   none, 3D,  1.067,  0.000,  3.861,    42
50.033, -2.121,  Li_i4, 3D,  1.144,  0.000,  3.945,    27
50.147, -2.120,   none, 3D,  1.067,  0.000,  3.861,    27
50.267, -2.109,   none, 3D,  0.989,  6.513,  3.861,    27
50.388, -2.087,   none, 3D,  0.911,  6.421,  3.861,    27
50.508, -2.062,   none, 3D,  0.832,  6.330,  3.861,    27
50.629, -2.041,   none, 3D,  0.754,  6.238,  3.861,    27
50.749, -2.026,   none, 3D,  0.676,  6.146,  3.861,    27
50.896, -2.023, saddle, 3D,  0.598,  6.054,  3.945,    27
51.017, -2.035,   none, 3D,  0.520,  5.963,  3.945,    27
51.137, -2.056,   none, 3D,  0.441,  5.871,  3.945,    27
51.258, -2.084,   none, 3D,  0.363,  5.779,  3.945,    27
51.378, -2.117,   none, 3D,  0.285,  5.688,  3.945,    27
51.525, -2.156,   none, 3D,  0.207,  5.596,  4.029,    27
51.646, -2.191,   none, 3D,  0.129,  5.504,  4.029,    27
51.793, -2.218,   none, 3D,  0.050,  5.412,  4.113,    27
51.913, -2.237,   none, 3D, -0.028,  5.321,  4.113,    27
52.038, -2.243,   none, 3D, -0.029,  5.229,  4.197,    27
52.130, -2.245,    Li5, 3D, -0.029,  5.137,  4.197,   203
52.221, -2.243,   none, 3D, -0.029,  5.229,  4.197,   203
52.346, -2.237,   none, 3D, -0.028,  5.321,  4.113,   203
52.466, -2.225,   none, 3D,  7.389,  5.412,  4.113,   203
52.587, -2.202,   none, 3D,  7.311,  5.504,  4.113,   203
52.707, -2.174,   none, 3D,  7.233,  5.596,  4.113,   203
52.827, -2.143,   none, 3D,  7.155,  5.688,  4.113,   203
52.948, -2.114,   none, 3D,  7.077,  5.779,  4.113,   203
53.068, -2.090,   none, 3D,  6.999,  5.871,  4.113,   203
53.189, -2.075,   none, 3D,  6.921,  5.963,  4.113,   203
53.309, -2.071, saddle, 3D,  6.843,  6.054,  4.113,   203
53.456, -2.082,   none, 3D,  6.764,  6.146,  4.197,   203
53.577, -2.108,   none, 3D,  6.686,  6.238,  4.197,   203
53.697, -2.143,   none, 3D,  6.608,  6.330,  4.197,   203
53.818, -2.180,   none, 3D,  6.530,  6.421,  4.197,   203
53.938, -2.212,   none, 3D,  6.452,  6.513,  4.197,   203
54.059, -2.226, Li_i13, 3D,  6.374,  0.000,  4.197,   159
54.143, -2.219,   none, 3D,  6.373,  0.000,  4.280,   159
54.227, -2.198,   none, 3D,  6.373,  0.000,  4.364,   159
54.342, -2.172,   none, 3D,  6.294,  0.000,  4.448,   159
54.457, -2.143,   none, 3D,  6.215,  0.000,  4.532,   159
54.541, -2.115,   none, 3D,  6.215,  0.000,  4.616,   159
54.656, -2.094,   none, 3D,  6.136,  0.000,  4.700,   159
54.771, -2.078,   none, 3D,  6.057,  0.000,  4.784,   159
54.886, -2.067,   none, 3D,  5.979,  0.000,  4.868,   159
55.001, -2.063, saddle, 3D,  5.900,  0.000,  4.952,   159
55.085, -2.064,   none, 3D,  5.900,  0.000,  5.036,   159
55.200, -2.069,   none, 3D,  5.821,  0.000,  5.120,   159
55.315, -2.075,   none, 3D,  5.742,  0.000,  5.204,   159
55.430, -2.081,   none, 3D,  5.664,  0.000,  5.288,   159
55.545, -2.086,   none, 3D,  5.585,  0.000,  5.372,   159
60.613, -2.058,    Li8, 0D,  2.679,  3.302,  7.889,    86
60.734, -2.044,   none, 0D,  2.757,  3.394,  7.889,    86
60.854, -2.017,   none, 0D,  2.835,  3.486,  7.889,    86
60.975, -1.987,   none, 0D,  2.913,  3.578,  7.889,    86
61.095, -1.958,   none, 0D,  2.991,  3.669,  7.889,    86
61.242, -1.936,   none, 0D,  3.069,  3.761,  7.973,    86
61.362, -1.922,   none, 0D,  3.147,  3.853,  7.973,    86
61.483, -1.913,   none, 0D,  3.225,  3.945,  7.973,    86
61.603, -1.909,   none, 0D,  3.303,  4.036,  7.973,    86
61.724, -1.908, saddle, 0D,  3.381,  4.128,  7.973,    86
61.844, -1.909,   none, 0D,  3.459,  4.220,  7.973,    86
61.965, -1.910,  Li_i6, 0D,  3.537,  4.312,  7.973,   118
62.079, -1.909,   none, 0D,  3.670,  4.312,  0.000,   118
62.226, -1.907,   none, 0D,  3.693,  4.403,  7.973,   118
62.373, -1.904,   none, 0D,  3.826,  4.312,  0.000,   118
62.451, -1.899,   none, 0D,  3.904,  4.312,  0.000,   118
62.571, -1.889,   none, 0D,  3.982,  4.220,  0.000,   118
62.718, -1.881,   none, 0D,  4.060,  4.128,  0.084,   118
62.838, -1.873,   none, 0D,  4.138,  4.036,  0.084,   118
62.959, -1.867,   none, 0D,  4.216,  3.945,  0.084,   118
63.105, -1.863, saddle, 0D,  4.293,  3.853,  0.168,   118
63.226, -1.868,   none, 0D,  4.371,  3.761,  0.168,   118
63.346, -1.877,   none, 0D,  4.449,  3.669,  0.168,   118
63.466, -1.890,   none, 0D,  4.527,  3.578,  0.168,   118
63.587, -1.904,   none, 0D,  4.606,  3.486,  0.168,   118
63.707, -1.919,   none, 0D,  4.684,  3.394,  0.168,   118
63.828, -1.928,   none, 0D,  4.762,  3.302,  0.168,   118
63.906, -1.930,    Li9, 0D,  4.840,  3.302,  0.168,   117
63.984, -1.928,   none, 0D,  4.762,  3.302,  0.168,   117
64.104, -1.919,   none, 0D,  4.684,  3.211,  0.168,   117
64.225, -1.904,   none, 0D,  4.606,  3.119,  0.168,   117
64.345, -1.890,   none, 0D,  4.527,  3.027,  0.168,   117
64.466, -1.877,   none, 0D,  4.449,  2.936,  0.168,   117
64.586, -1.868,   none, 0D,  4.371,  2.844,  0.168,   117
64.707, -1.863, saddle, 0D,  4.293,  2.752,  0.168,   117
64.853, -1.867,   none, 0D,  4.216,  2.660,  0.084,   117
64.974, -1.873,   none, 0D,  4.138,  2.569,  0.084,   117
65.094, -1.881,   none, 0D,  4.060,  2.477,  0.084,   117
65.241, -1.889,   none, 0D,  3.982,  2.385,  0.000,   117
65.361, -1.899,   none, 0D,  3.904,  2.293,  0.000,   117
65.439, -1.904,   none, 0D,  3.826,  2.293,  0.000,   117
65.586, -1.907,   none, 0D,  3.693,  2.202,  7.973,   117
65.733, -1.909,   none, 0D,  3.670,  2.293,  0.000,   117
65.847, -1.910,  Li_i6, 0D,  3.537,  2.293,  7.973,    85
65.968, -1.909,   none, 0D,  3.459,  2.385,  7.973,    85
66.088, -1.908, saddle, 0D,  3.381,  2.477,  7.973,    85
66.209, -1.909,   none, 0D,  3.303,  2.569,  7.973,    85
66.329, -1.913,   none, 0D,  3.225,  2.660,  7.973,    85
66.449, -1.922,   none, 0D,  3.147,  2.752,  7.973,    85
66.570, -1.936,   none, 0D,  3.069,  2.844,  7.973,    85
66.716, -1.958,   none, 0D,  2.991,  2.936,  7.889,    85
66.837, -1.987,   none, 0D,  2.913,  3.027,  7.889,    85
66.957, -2.017,   none, 0D,  2.835,  3.119,  7.889,    85
67.078, -2.044,   none, 0D,  2.757,  3.211,  7.889,    85
