r_coor, energy,   site, dn,      x,      y,      z, index
 8.272, -2.427,  Li_i4, 1D,  0.917,  0.000,  8.221,    62
 8.332, -2.418,   none, 1D,  0.917,  2.827,  8.221,    62
 8.392, -2.390,   none, 1D,  0.917,  2.767,  8.221,    62
 8.493, -2.345,   none, 1D,  0.998,  2.707,  8.221,    62
 8.601, -2.291,   none, 1D,  1.007,  2.647,  8.131,    62
 8.661, -2.250,   none, 1D,  1.007,  2.587,  8.131,    62
 8.722, -2.196,   none, 1D,  1.007,  2.526,  8.131,    62
 8.830, -2.171,   none, 1D,  1.015,  2.466,  8.042,    62
 8.890, -2.136,   none, 1D,  1.015,  2.406,  8.042,    62
 8.998, -2.136, saddle, 1D,  1.024,  2.346,  7.953,    62
 9.138, -2.145,   none, 1D,  1.114,  2.286,  7.863,    62
 9.198, -2.185,   none, 1D,  1.114,  2.226,  7.863,    62
 9.306, -2.223,   none, 1D,  1.123,  2.165,  7.774,    62
 9.367, -2.281,   none, 1D,  1.123,  2.105,  7.774,    62
 9.475, -2.336,   none, 1D,  1.131,  2.045,  7.685,    62
 9.576, -2.411,   none, 1D,  1.213,  1.985,  7.685,    62
 9.684, -2.486,   none, 1D,  1.221,  1.925,  7.595,    62
 9.744, -2.558,   none, 1D,  1.221,  1.865,  7.595,    62
 9.852, -2.620,   none, 1D,  1.230,  1.805,  7.506,    62
 9.912, -2.679,   none, 1D,  1.230,  1.744,  7.506,    62
 9.972, -2.726,   none, 1D,  1.230,  1.684,  7.506,    62
10.074, -2.764,   none, 1D,  1.311,  1.624,  7.506,    62
10.182, -2.792,   none, 1D,  1.320,  1.564,  7.416,    62
10.242, -2.810,   none, 1D,  1.320,  1.504,  7.416,    62
10.302, -2.816,    Li3, 1D,  1.320,  1.444,  7.416,    53
10.362, -2.810,   none, 1D,  1.320,  1.383,  7.416,    53
10.422, -2.792,   none, 1D,  1.320,  1.323,  7.416,    53
10.530, -2.764,   none, 1D,  1.311,  1.263,  7.506,    53
10.632, -2.726,   none, 1D,  1.230,  1.203,  7.506,    53
10.692, -2.679,   none, 1D,  1.230,  1.143,  7.506,    53
10.752, -2.620,   none, 1D,  1.230,  1.083,  7.506,    53
10.860, -2.558,   none, 1D,  1.221,  1.023,  7.595,    53
10.920, -2.486,   none, 1D,  1.221,  0.962,  7.595,    53
11.028, -2.411,   none, 1D,  1.213,  0.902,  7.685,    53
11.129, -2.336,   none, 1D,  1.131,  0.842,  7.685,    53
11.237, -2.281,   none, 1D,  1.123,  0.782,  7.774,    53
11.298, -2.223,   none, 1D,  1.123,  0.722,  7.774,    53
11.406, -2.185,   none, 1D,  1.114,  0.662,  7.863,    53
11.466, -2.145,   none, 1D,  1.114,  0.602,  7.863,    53
11.606, -2.136, saddle, 1D,  1.024,  0.541,  7.953,    53
11.714, -2.136,   none, 1D,  1.015,  0.481,  8.042,    53
11.774, -2.171,   none, 1D,  1.015,  0.421,  8.042,    53
11.882, -2.196,   none, 1D,  1.007,  0.361,  8.131,    53
11.943, -2.250,   none, 1D,  1.007,  0.301,  8.131,    53
12.003, -2.291,   none, 1D,  1.007,  0.241,  8.131,    53
12.111, -2.345,   none, 1D,  0.998,  0.180,  8.221,    53
12.212, -2.390,   none, 1D,  0.917,  0.120,  8.221,    53
12.272, -2.418,   none, 1D,  0.917,  0.060,  8.221,    53
17.348, -2.427,  Li_i4, 2D,  5.801,  1.444,  8.221,   212
17.463, -2.417,   none, 2D,  5.873,  1.444,  8.310,   212
17.553, -2.360,   none, 2D,  5.865,  1.444,  8.399,   212
17.668, -2.267,   none, 2D,  5.938,  1.444,  8.489,   212
17.784, -2.169,   none, 2D,  6.010,  1.444,  8.578,   212
17.899, -2.090,   none, 2D,  6.083,  1.444,  8.667,   212
18.014, -2.045,   none, 2D,  6.156,  1.444,  8.757,   212
18.129, -2.042, saddle, 2D,  6.229,  1.444,  8.846,   212
18.245, -2.085,   none, 2D,  6.302,  1.444,  8.936,   212
18.360, -2.166,   none, 2D,  6.374,  1.444,  9.025,   212
18.475, -2.275,   none, 2D,  6.447,  1.444,  9.114,   212
18.590, -2.400,   none, 2D,  6.520,  1.444,  9.204,   212
18.706, -2.526,   none, 2D,  6.593,  1.444,  9.293,   212
18.821, -2.640,   none, 2D,  6.666,  1.444,  9.382,   212
18.936, -2.731,   none, 2D,  6.738,  1.444,  9.472,   212
19.051, -2.790,   none, 2D,  6.811,  1.444,  9.561,   212
19.141, -2.814,   none, 2D,  6.802,  1.444,  9.650,   212
20.800, -2.427,  Li_i4, 2D,  7.197,  0.000,  8.936,   256
20.881, -2.390,   none, 2D,  7.278,  0.000,  8.936,   256
20.962, -2.320,   none, 2D,  7.360,  0.000,  8.936,   256
21.089, -2.243,   none, 2D,  7.450,  0.000,  8.846,   256
21.171, -2.166,   none, 2D,  7.531,  0.000,  8.846,   256
21.252, -2.092,   none, 2D,  7.613,  0.000,  8.846,   256
21.334, -2.026,   none, 2D,  7.694,  0.000,  8.846,   256
21.460, -1.981,   none, 2D,  7.784,  0.000,  8.757,   256
21.542, -1.976, saddle, 2D,  7.865,  0.000,  8.757,   256
21.623, -1.988,   none, 2D,  7.947,  0.000,  8.757,   256
21.705, -2.017,   none, 2D,  8.028,  0.000,  8.757,   256
21.831, -2.065,   none, 2D,  8.118,  0.000,  8.667,   256
21.913, -2.144,   none, 2D,  8.200,  0.000,  8.667,   256
21.994, -2.227,   none, 2D,  8.281,  0.000,  8.667,   256
22.076, -2.311,   none, 2D,  8.362,  0.000,  8.667,   256
22.157, -2.391,   none, 2D,  8.444,  0.000,  8.667,   256
22.284, -2.471,   none, 2D,  8.534,  0.000,  8.578,   256
22.365, -2.543,   none, 2D,  8.615,  0.000,  8.578,   256
22.447, -2.601,   none, 2D,  8.697,  0.000,  8.578,   256
22.528, -2.642,   none, 2D,  8.778,  0.000,  8.578,   256
22.609, -2.668,   none, 2D,  8.859,  0.000,  8.578,   256
22.691, -2.676,    Li5, 2D, -0.827,  0.000,  8.578,    30
22.772, -2.668,   none, 2D, -0.746,  0.000,  8.578,    30
22.854, -2.642,   none, 2D, -0.664,  0.000,  8.578,    30
22.935, -2.601,   none, 2D, -0.583,  0.000,  8.578,    30
23.016, -2.543,   none, 2D, -0.501,  0.000,  8.578,    30
23.098, -2.471,   none, 2D, -0.420,  0.000,  8.578,    30
23.225, -2.391,   none, 2D, -0.330,  0.000,  8.489,    30
23.306, -2.311,   none, 2D, -0.249,  0.000,  8.489,    30
23.387, -2.227,   none, 2D, -0.167,  0.000,  8.489,    30
23.469, -2.144,   none, 2D, -0.086,  0.000,  8.489,    30
23.550, -2.065,   none, 2D, -0.004,  0.000,  8.489,    30
23.677, -2.017,   none, 2D,  0.086,  0.000,  8.399,    30
23.758, -1.988,   none, 2D,  0.167,  0.000,  8.399,    30
23.840, -1.976, saddle, 2D,  0.248,  0.000,  8.399,    30
23.921, -1.981,   none, 2D,  0.330,  0.000,  8.399,    30
24.048, -2.026,   none, 2D,  0.420,  0.000,  8.310,    30
24.129, -2.092,   none, 2D,  0.501,  0.000,  8.310,    30
24.211, -2.166,   none, 2D,  0.583,  0.000,  8.310,    30
24.292, -2.243,   none, 2D,  0.664,  0.000,  8.310,    30
24.419, -2.320,   none, 2D,  0.754,  0.000,  8.221,    30
24.500, -2.390,   none, 2D,  0.835,  0.000,  8.221,    30
24.582, -2.427,  Li_i4, 2D,  0.917,  0.000,  8.221,    66
24.697, -2.417,   none, 2D,  0.990,  0.000,  8.310,    66
24.787, -2.360,   none, 2D,  0.981,  0.000,  8.399,    66
24.902, -2.267,   none, 2D,  1.054,  0.000,  8.489,    66
25.017, -2.169,   none, 2D,  1.127,  0.000,  8.578,    66
25.133, -2.090,   none, 2D,  1.199,  0.000,  8.667,    66
25.248, -2.045,   none, 2D,  1.272,  0.000,  8.757,    66
25.363, -2.042, saddle, 2D,  1.345,  0.000,  8.846,    66
25.478, -2.085,   none, 2D,  1.418,  0.000,  8.936,    66
25.594, -2.166,   none, 2D,  1.491,  0.000,  9.025,    66
25.709, -2.275,   none, 2D,  1.563,  0.000,  9.114,    66
25.824, -2.400,   none, 2D,  1.636,  0.000,  9.204,    66
25.939, -2.526,   none, 2D,  1.709,  0.000,  9.293,    66
26.055, -2.640,   none, 2D,  1.782,  0.000,  9.382,    66
26.170, -2.731,   none, 2D,  1.854,  0.000,  9.472,    66
26.285, -2.790,   none, 2D,  1.927,  0.000,  9.561,    66
26.375, -2.814,   none, 2D,  1.919,  0.000,  9.650,    66
28.033, -2.427,  Li_i4, 2D,  2.313,  1.444,  8.936,   114
28.115, -2.390,   none, 2D,  2.395,  1.444,  8.936,   114
28.196, -2.320,   none, 2D,  2.476,  1.444,  8.936,   114
28.323, -2.243,   none, 2D,  2.566,  1.444,  8.846,   114
28.404, -2.166,   none, 2D,  2.647,  1.444,  8.846,   114
28.486, -2.092,   none, 2D,  2.729,  1.444,  8.846,   114
28.567, -2.026,   none, 2D,  2.810,  1.444,  8.846,   114
28.694, -1.981,   none, 2D,  2.900,  1.444,  8.757,   114
28.775, -1.976, saddle, 2D,  2.982,  1.444,  8.757,   114
28.857, -1.988,   none, 2D,  3.063,  1.444,  8.757,   114
28.938, -2.017,   none, 2D,  3.144,  1.444,  8.757,   114
29.065, -2.065,   none, 2D,  3.234,  1.444,  8.667,   114
29.146, -2.144,   none, 2D,  3.316,  1.444,  8.667,   114
29.228, -2.227,   none, 2D,  3.397,  1.444,  8.667,   114
29.309, -2.311,   none, 2D,  3.479,  1.444,  8.667,   114
29.391, -2.391,   none, 2D,  3.560,  1.444,  8.667,   114
29.517, -2.471,   none, 2D,  3.650,  1.444,  8.578,   114
29.599, -2.543,   none, 2D,  3.731,  1.444,  8.578,   114
29.680, -2.601,   none, 2D,  3.813,  1.444,  8.578,   114
29.762, -2.642,   none, 2D,  3.894,  1.444,  8.578,   114
29.843, -2.668,   none, 2D,  3.976,  1.444,  8.578,   114
29.924, -2.676,    Li5, 2D,  4.057,  1.444,  8.578,   176
30.006, -2.668,   none, 2D,  4.138,  1.444,  8.578,   176
30.087, -2.642,   none, 2D,  4.220,  1.444,  8.578,   176
30.169, -2.601,   none, 2D,  4.301,  1.444,  8.578,   176
30.250, -2.543,   none, 2D,  4.383,  1.444,  8.578,   176
30.331, -2.471,   none, 2D,  4.464,  1.444,  8.578,   176
30.458, -2.391,   none, 2D,  4.554,  1.444,  8.489,   176
30.540, -2.311,   none, 2D,  4.635,  1.444,  8.489,   176
30.621, -2.227,   none, 2D,  4.717,  1.444,  8.489,   176
30.702, -2.144,   none, 2D,  4.798,  1.444,  8.489,   176
30.784, -2.065,   none, 2D,  4.880,  1.444,  8.489,   176
30.911, -2.017,   none, 2D,  4.970,  1.444,  8.399,   176
30.992, -1.988,   none, 2D,  5.051,  1.444,  8.399,   176
31.074, -1.976, saddle, 2D,  5.132,  1.444,  8.399,   176
31.155, -1.981,   none, 2D,  5.214,  1.444,  8.399,   176
31.282, -2.026,   none, 2D,  5.304,  1.444,  8.310,   176
31.363, -2.092,   none, 2D,  5.385,  1.444,  8.310,   176
31.445, -2.166,   none, 2D,  5.467,  1.444,  8.310,   176
31.526, -2.243,   none, 2D,  5.548,  1.444,  8.310,   176
31.653, -2.320,   none, 2D,  5.638,  1.444,  8.221,   176
31.734, -2.390,   none, 2D,  5.719,  1.444,  8.221,   176
34.624, -1.634,  Li_i5, 3D,  5.635,  0.000,  5.719,   188
34.714, -1.610,   none, 3D,  5.626,  0.000,  5.808,   188
34.829, -1.572,   none, 3D,  5.699,  0.000,  5.897,   188
34.919, -1.558,   none, 3D,  5.690,  0.000,  5.987,   188
35.034, -1.555, saddle, 3D,  5.763,  0.000,  6.076,   188
35.124, -1.571,   none, 3D,  5.755,  0.000,  6.166,   188
35.239, -1.636,   none, 3D,  5.827,  0.000,  6.255,   188
35.354, -1.721,   none, 3D,  5.900,  0.000,  6.344,   188
35.470, -1.824,   none, 3D,  5.973,  0.000,  6.434,   188
35.559, -1.962,   none, 3D,  5.964,  0.000,  6.523,   188
35.675, -2.106,   none, 3D,  6.037,  0.000,  6.612,   188
35.790, -2.245,   none, 3D,  6.110,  0.000,  6.702,   188
35.880, -2.378,   none, 3D,  6.101,  0.000,  6.791,   188
35.995, -2.498,   none, 3D,  6.174,  0.000,  6.880,   188
36.085, -2.594,   none, 3D,  6.166,  0.000,  6.970,   188
36.200, -2.669,   none, 3D,  6.238,  0.000,  7.059,   188
36.290, -2.730,   none, 3D,  6.230,  0.000,  7.148,   188
36.379, -2.773,   none, 3D,  6.221,  0.000,  7.238,   188
36.469, -2.801,   none, 3D,  6.212,  0.000,  7.327,   188
41.402, -2.816,    Li3, 3D,  1.910,  0.000,  9.740,    98
41.492, -2.801,   none, 3D,  1.901,  0.000,  9.829,    98
41.581, -2.773,   none, 3D,  1.893,  0.000,  9.918,    98
41.671, -2.730,   none, 3D,  1.884,  0.000, 10.008,    98
41.761, -2.669,   none, 3D,  1.876,  0.000, 10.097,    98
41.876, -2.594,   none, 3D,  1.948,  0.000, 10.187,    98
41.966, -2.498,   none, 3D,  1.940,  0.000, 10.276,    98
42.081, -2.378,   none, 3D,  2.012,  0.000, 10.365,    98
42.171, -2.245,   none, 3D,  2.004,  0.000, 10.455,    98
42.286, -2.106,   none, 3D,  2.077,  0.000, 10.544,    98
42.401, -1.962,   none, 3D,  2.149,  0.000, 10.633,    98
42.491, -1.824,   none, 3D,  2.141,  0.000, 10.723,    98
42.606, -1.721,   none, 3D,  2.214,  0.000, 10.812,    98
42.722, -1.636,   none, 3D,  2.286,  0.000, 10.901,    98
42.837, -1.571,   none, 3D,  2.359,  0.000, 10.991,    98
42.927, -1.555, saddle, 3D,  2.351,  0.000, 11.080,    98
43.042, -1.558,   none, 3D,  2.423,  0.000, 11.169,    98
43.132, -1.572,   none, 3D,  2.415,  0.000, 11.259,    98
43.247, -1.610,   none, 3D,  2.488,  0.000, 11.348,    98
43.337, -1.634,  Li_i5, 3D,  2.479,  0.000, 11.437,   106
43.397, -1.629,   none, 3D,  2.479,  0.060, 11.437,   106
43.505, -1.622,   none, 3D,  2.470,  0.120, 11.527,   106
43.565, -1.612,   none, 3D,  2.470,  0.180, 11.527,   106
43.673, -1.609, saddle, 3D,  2.462,  0.241, 11.616,   106
43.781, -1.612,   none, 3D,  2.453,  0.301, 11.706,   106
43.841, -1.633,   none, 3D,  2.453,  0.361, 11.706,   106
43.949, -1.670,   none, 3D,  2.444,  0.421, 11.795,   106
44.058, -1.719,   none, 3D,  2.436,  0.481, 11.884,   106
44.118, -1.781,   none, 3D,  2.436,  0.541, 11.884,   106
44.226, -1.860,   none, 3D,  2.427,  0.602, 11.974,   106
44.334, -1.943,   none, 3D,  2.419,  0.662, 12.063,   106
44.474, -2.042,   none, 3D,  2.329,  0.722, 12.152,   106
44.582, -2.149,   none, 3D,  2.320,  0.782, 12.242,   106
44.642, -2.243,   none, 3D,  2.320,  0.842, 12.242,   106
44.703, -2.328,   none, 3D,  2.320,  0.902, 12.242,   106
44.811, -2.405,   none, 3D,  2.311,  0.962, 12.331,   106
44.871, -2.472,   none, 3D,  2.311,  1.023, 12.331,   106
44.931, -2.529,   none, 3D,  2.311,  1.083, 12.331,   106
44.991, -2.576,   none, 3D,  2.311,  1.143, 12.331,   106
45.051, -2.615,   none, 3D,  2.311,  1.203, 12.331,   106
45.111, -2.644,   none, 3D,  2.311,  1.263, 12.331,   106
45.171, -2.664,   none, 3D,  2.311,  1.323, 12.331,   106
45.232, -2.676,   none, 3D,  2.311,  1.383, 12.331,   106
45.292, -2.680,    Li2, 3D,  2.311,  1.444, 12.331,   101
45.352, -2.676,   none, 3D,  2.311,  1.383, 12.331,   101
45.412, -2.664,   none, 3D,  2.311,  1.323, 12.331,   101
45.472, -2.644,   none, 3D,  2.311,  1.263, 12.331,   101
45.532, -2.615,   none, 3D,  2.311,  1.203, 12.331,   101
45.593, -2.576,   none, 3D,  2.311,  1.143, 12.331,   101
45.653, -2.529,   none, 3D,  2.311,  1.083, 12.331,   101
45.713, -2.472,   none, 3D,  2.311,  1.023, 12.331,   101
45.773, -2.405,   none, 3D,  2.311,  0.962, 12.331,   101
45.881, -2.328,   none, 3D,  2.320,  0.902, 12.242,   101
45.941, -2.243,   none, 3D,  2.320,  0.842, 12.242,   101
46.049, -2.146,   none, 3D,  2.311,  0.782, 12.331,   101
46.157, -2.031,   none, 3D,  2.303,  0.722, 12.420,   101
46.298, -1.909,   none, 3D,  2.213,  0.662, 12.510,   101
46.406, -1.817,   none, 3D,  2.204,  0.602, 12.599,   101
46.514, -1.733,   none, 3D,  2.196,  0.541, 12.688,   101
46.622, -1.660,   none, 3D,  2.187,  0.481, 12.778,   101
46.730, -1.601,   none, 3D,  2.178,  0.421, 12.867,   101
46.790, -1.560,   none, 3D,  2.178,  0.361, 12.867,   101
46.898, -1.537,   none, 3D,  2.170,  0.301, 12.957,   101
47.006, -1.529, saddle, 3D,  2.161,  0.241, 13.046,   101
47.114, -1.530,   none, 3D,  2.152,  0.180, 13.135,   101
47.174, -1.541,   none, 3D,  2.152,  0.120, 13.135,   101
47.282, -1.548,   none, 3D,  2.144,  0.060, 13.225,   101
47.343, -1.553,  Li_i6, 3D,  2.144,  0.000, 13.225,   104
47.432, -1.533,   none, 3D,  2.135,  0.000, 13.314,   104
47.548, -1.526,   none, 3D,  2.208,  0.000, 13.403,   104
47.637, -1.520, saddle, 3D,  2.199,  0.000, 13.493,   104
47.753, -1.544,   none, 3D,  2.272,  0.000, 13.582,   104
47.868, -1.575,   none, 3D,  2.345,  0.000, 13.671,   104
47.958, -1.647,   none, 3D,  2.336,  0.000, 13.761,   104
48.073, -1.741,   none, 3D,  2.409,  0.000, 13.850,   104
48.188, -1.847,   none, 3D,  2.482,  0.000, 13.939,   104
48.278, -1.964,   none, 3D,  2.473,  0.000, 14.029,   104
48.393, -2.097,   none, 3D,  2.546,  0.000, 14.118,   104
48.508, -2.219,   none, 3D,  2.619,  0.000, 14.207,   104
48.624, -2.326,   none, 3D,  2.692,  0.000, 14.297,   104
48.713, -2.425,   none, 3D,  2.683,  0.000, 14.386,   104
48.829, -2.497,   none, 3D,  2.756,  0.000, 14.476,   104
48.918, -2.550,   none, 3D,  2.747,  0.000, 14.565,   104
49.008, -2.577,   none, 3D,  2.739,  0.000, 14.654,   104
49.124, -2.587,    Li1, 3D,  2.811,  0.000, 14.744,   146
49.213, -2.575,   none, 3D,  2.803,  0.000, 14.833,   146
49.303, -2.539,   none, 3D,  2.794,  0.000, 14.922,   146
49.418, -2.486,   none, 3D,  2.867,  0.000, 15.012,   146
49.508, -2.406,   none, 3D,  2.858,  0.000, 15.101,   146
49.623, -2.314,   none, 3D,  2.931,  0.000, 15.190,   146
49.739, -2.201,   none, 3D,  3.004,  0.000, 15.280,   146
49.828, -2.081,   none, 3D,  2.995,  0.000, 15.369,   146
49.944, -1.966,   none, 3D,  3.068,  0.000, 15.458,   146
50.059, -1.849,   none, 3D,  3.141,  0.000, 15.548,   146
50.149, -1.741,   none, 3D,  3.132,  0.000, 15.637,   146
50.264, -1.666,   none, 3D,  3.205,  0.000, 15.727,   146
50.379, -1.601,   none, 3D,  3.278,  0.000, 15.816,   146
50.469, -1.564,   none, 3D,  3.269,  0.000, 15.905,   146
50.584, -1.554,   none, 3D,  3.342,  0.000, 15.995,   146
50.674, -1.549, saddle, 3D,  3.333,  0.000, 16.084,   146
50.789, -1.567,   none, 3D,  3.406,  0.000, 16.173,   146
50.879, -1.582,  Li_i1, 3D,  3.398,  0.000, 16.263,   148
50.939, -1.578,   none, 3D,  3.398,  0.060, 16.263,   148
51.047, -1.572,   none, 3D,  3.389,  0.120, 16.352,   148
51.107, -1.565, saddle, 3D,  3.389,  0.180, 16.352,   148
51.215, -1.566,   none, 3D,  3.380,  0.241, 16.441,   148
51.323, -1.578,   none, 3D,  3.372,  0.301, 16.531,   148
51.431, -1.602,   none, 3D,  3.363,  0.361, 16.620,   148
51.492, -1.640,   none, 3D,  3.363,  0.421, 16.620,   148
51.600, -1.694,   none, 3D,  3.354,  0.481, 16.709,   148
51.708, -1.759,   none, 3D,  3.346,  0.541, 16.799,   148
51.816, -1.831,   none, 3D,  3.337,  0.602, 16.888,   148
51.876, -1.911,   none, 3D,  3.337,  0.662, 16.888,   148
52.016, -2.002,   none, 3D,  3.247,  0.722, 16.978,   148
52.124, -2.103,   none, 3D,  3.239,  0.782, 17.067,   148
52.232, -2.192,   none, 3D,  4.884,  0.842,  0.000,   148
52.293, -2.268,   none, 3D,  4.884,  0.902,  0.000,   148
52.353, -2.336,   none, 3D,  4.884,  0.962,  0.000,   148
52.413, -2.395,   none, 3D,  4.884,  1.023,  0.000,   148
52.473, -2.445,   none, 3D,  4.884,  1.083,  0.000,   148
52.533, -2.487,   none, 3D,  4.884,  1.143,  0.000,   148
52.593, -2.521,   none, 3D,  4.884,  1.203,  0.000,   148
52.653, -2.547,   none, 3D,  4.884,  1.263,  0.000,   148
52.714, -2.565,   none, 3D,  4.884,  1.323,  0.000,   148
52.774, -2.576,   none, 3D,  4.884,  1.383,  0.000,   148
52.834, -2.580,    Li4, 3D,  4.884,  1.444,  0.000,   141
52.894, -2.576,   none, 3D,  4.884,  1.383,  0.000,   141
52.954, -2.565,   none, 3D,  4.884,  1.323,  0.000,   141
53.014, -2.547,   none, 3D,  4.884,  1.263,  0.000,   141
53.075, -2.521,   none, 3D,  4.884,  1.203,  0.000,   141
53.135, -2.487,   none, 3D,  4.884,  1.143,  0.000,   141
53.195, -2.445,   none, 3D,  4.884,  1.083,  0.000,   141
53.255, -2.395,   none, 3D,  4.884,  1.023,  0.000,   141
53.315, -2.336,   none, 3D,  4.884,  0.962,  0.000,   141
53.375, -2.268,   none, 3D,  4.884,  0.902,  0.000,   141
53.435, -2.192,   none, 3D,  4.884,  0.842,  0.000,   141
53.544, -2.103,   none, 3D,  4.875,  0.782,  0.089,   141
53.652, -2.002,   none, 3D,  4.867,  0.722,  0.179,   141
53.792, -1.911,   none, 3D,  4.777,  0.662,  0.268,   141
53.852, -1.831,   none, 3D,  4.777,  0.602,  0.268,   141
53.960, -1.759,   none, 3D,  4.768,  0.541,  0.357,   141
54.068, -1.694,   none, 3D,  4.759,  0.481,  0.447,   141
54.176, -1.640,   none, 3D,  4.751,  0.421,  0.536,   141
54.236, -1.602,   none, 3D,  4.751,  0.361,  0.536,   141
54.344, -1.578,   none, 3D,  4.742,  0.301,  0.625,   141
54.453, -1.566,   none, 3D,  4.734,  0.241,  0.715,   141
54.561, -1.565, saddle, 3D,  4.725,  0.180,  0.804,   141
54.621, -1.572,   none, 3D,  4.725,  0.120,  0.804,   141
54.729, -1.578,   none, 3D,  4.716,  0.060,  0.894,   141
54.789, -1.582,  Li_i1, 3D,  4.716,  0.000,  0.894,   144
54.879, -1.567,   none, 3D,  4.708,  0.000,  0.983,   144
54.994, -1.549, saddle, 3D,  4.780,  0.000,  1.072,   144
55.084, -1.554,   none, 3D,  4.772,  0.000,  1.162,   144
55.199, -1.564,   none, 3D,  4.845,  0.000,  1.251,   144
55.289, -1.601,   none, 3D,  4.836,  0.000,  1.340,   144
55.404, -1.666,   none, 3D,  4.909,  0.000,  1.430,   144
55.519, -1.741,   none, 3D,  4.982,  0.000,  1.519,   144
55.609, -1.849,   none, 3D,  4.973,  0.000,  1.608,   144
55.724, -1.966,   none, 3D,  5.046,  0.000,  1.698,   144
55.840, -2.081,   none, 3D,  5.119,  0.000,  1.787,   144
55.929, -2.201,   none, 3D,  5.110,  0.000,  1.876,   144
56.045, -2.314,   none, 3D,  5.183,  0.000,  1.966,   144
56.160, -2.406,   none, 3D,  5.256,  0.000,  2.055,   144
56.250, -2.486,   none, 3D,  5.247,  0.000,  2.145,   144
56.365, -2.539,   none, 3D,  5.320,  0.000,  2.234,   144
56.455, -2.575,   none, 3D,  5.311,  0.000,  2.323,   144
56.544, -2.587,    Li1, 3D,  5.302,  0.000,  2.413,   186
56.660, -2.577,   none, 3D,  5.375,  0.000,  2.502,   186
56.749, -2.550,   none, 3D,  5.367,  0.000,  2.591,   186
56.839, -2.497,   none, 3D,  5.358,  0.000,  2.681,   186
56.954, -2.425,   none, 3D,  5.431,  0.000,  2.770,   186
57.044, -2.326,   none, 3D,  5.422,  0.000,  2.859,   186
57.159, -2.219,   none, 3D,  5.495,  0.000,  2.949,   186
57.275, -2.097,   none, 3D,  5.568,  0.000,  3.038,   186
57.390, -1.964,   none, 3D,  5.641,  0.000,  3.127,   186
57.480, -1.847,   none, 3D,  5.632,  0.000,  3.217,   186
57.595, -1.741,   none, 3D,  5.705,  0.000,  3.306,   186
57.710, -1.647,   none, 3D,  5.777,  0.000,  3.396,   186
57.800, -1.575,   none, 3D,  5.769,  0.000,  3.485,   186
57.915, -1.544,   none, 3D,  5.842,  0.000,  3.574,   186
58.030, -1.520, saddle, 3D,  5.914,  0.000,  3.664,   186
58.120, -1.526,   none, 3D,  5.906,  0.000,  3.753,   186
58.235, -1.533,   none, 3D,  5.979,  0.000,  3.842,   186
58.325, -1.553,  Li_i6, 3D,  5.970,  0.000,  3.932,   192
58.385, -1.548,   none, 3D,  5.970,  0.060,  3.932,   192
58.493, -1.541,   none, 3D,  5.961,  0.120,  4.021,   192
58.554, -1.530,   none, 3D,  5.961,  0.180,  4.021,   192
58.662, -1.529, saddle, 3D,  5.953,  0.241,  4.110,   192
58.770, -1.537,   none, 3D,  5.944,  0.301,  4.200,   192
58.878, -1.560,   none, 3D,  5.936,  0.361,  4.289,   192
58.938, -1.601,   none, 3D,  5.936,  0.421,  4.289,   192
59.046, -1.660,   none, 3D,  5.927,  0.481,  4.378,   192
59.154, -1.733,   none, 3D,  5.918,  0.541,  4.468,   192
59.262, -1.817,   none, 3D,  5.910,  0.602,  4.557,   192
59.370, -1.909,   none, 3D,  5.901,  0.662,  4.646,   192
59.510, -2.031,   none, 3D,  5.811,  0.722,  4.736,   192
59.619, -2.146,   none, 3D,  5.802,  0.782,  4.825,   192
59.727, -2.243,   none, 3D,  5.794,  0.842,  4.915,   192
59.787, -2.328,   none, 3D,  5.794,  0.902,  4.915,   192
59.895, -2.405,   none, 3D,  5.802,  0.962,  4.825,   192
59.955, -2.472,   none, 3D,  5.802,  1.023,  4.825,   192
60.015, -2.529,   none, 3D,  5.802,  1.083,  4.825,   192
60.075, -2.576,   none, 3D,  5.802,  1.143,  4.825,   192
60.135, -2.615,   none, 3D,  5.802,  1.203,  4.825,   192
60.196, -2.644,   none, 3D,  5.802,  1.263,  4.825,   192
60.256, -2.664,   none, 3D,  5.802,  1.323,  4.825,   192
60.316, -2.676,   none, 3D,  5.802,  1.383,  4.825,   192
60.376, -2.680,    Li2, 3D,  5.802,  1.444,  4.825,   183
60.436, -2.676,   none, 3D,  5.802,  1.383,  4.825,   183
60.496, -2.664,   none, 3D,  5.802,  1.323,  4.825,   183
60.556, -2.644,   none, 3D,  5.802,  1.263,  4.825,   183
60.617, -2.615,   none, 3D,  5.802,  1.203,  4.825,   183
60.677, -2.576,   none, 3D,  5.802,  1.143,  4.825,   183
60.737, -2.529,   none, 3D,  5.802,  1.083,  4.825,   183
60.797, -2.472,   none, 3D,  5.802,  1.023,  4.825,   183
60.857, -2.405,   none, 3D,  5.802,  0.962,  4.825,   183
60.965, -2.328,   none, 3D,  5.794,  0.902,  4.915,   183
61.025, -2.243,   none, 3D,  5.794,  0.842,  4.915,   183
61.086, -2.149,   none, 3D,  5.794,  0.782,  4.915,   183
61.194, -2.042,   none, 3D,  5.785,  0.722,  5.004,   183
61.334, -1.943,   none, 3D,  5.695,  0.662,  5.093,   183
61.442, -1.860,   none, 3D,  5.687,  0.602,  5.183,   183
61.550, -1.781,   none, 3D,  5.678,  0.541,  5.272,   183
61.610, -1.719,   none, 3D,  5.678,  0.481,  5.272,   183
61.718, -1.670,   none, 3D,  5.669,  0.421,  5.361,   183
61.826, -1.633,   none, 3D,  5.661,  0.361,  5.451,   183
61.887, -1.612,   none, 3D,  5.661,  0.301,  5.451,   183
61.995, -1.609, saddle, 3D,  5.652,  0.241,  5.540,   183
62.103, -1.612,   none, 3D,  5.644,  0.180,  5.629,   183
62.163, -1.622,   none, 3D,  5.644,  0.120,  5.629,   183
62.271, -1.629,   none, 3D,  5.635,  0.060,  5.719,   183
67.110, -2.816,    Li3, 0D,  1.320,  1.444,  7.416,    78
67.200, -2.814,   none, 0D,  1.311,  1.444,  7.506,    78
67.289, -2.790,   none, 0D,  1.303,  1.444,  7.595,    78
67.405, -2.731,   none, 0D,  1.376,  1.444,  7.685,    78
67.520, -2.640,   none, 0D,  1.448,  1.444,  7.774,    78
67.635, -2.526,   none, 0D,  1.521,  1.444,  7.863,    78
67.750, -2.400,   none, 0D,  1.594,  1.444,  7.953,    78
67.866, -2.275,   none, 0D,  1.667,  1.444,  8.042,    78
67.981, -2.166,   none, 0D,  1.739,  1.444,  8.131,    78
68.096, -2.085,   none, 0D,  1.812,  1.444,  8.221,    78
68.211, -2.042, saddle, 0D,  1.885,  1.444,  8.310,    78
68.327, -2.045,   none, 0D,  1.958,  1.444,  8.399,    78
68.442, -2.090,   none, 0D,  2.031,  1.444,  8.489,    78
68.557, -2.169,   none, 0D,  2.103,  1.444,  8.578,    78
68.672, -2.267,   none, 0D,  2.176,  1.444,  8.667,    78
68.788, -2.360,   none, 0D,  2.249,  1.444,  8.757,    78
68.877, -2.417,   none, 0D,  2.240,  1.444,  8.846,    78
68.993, -2.427,  Li_i4, 0D,  2.313,  1.444,  8.936,    89
69.053, -2.418,   none, 0D,  2.313,  1.383,  8.936,    89
69.113, -2.390,   none, 0D,  2.313,  1.323,  8.936,    89
69.214, -2.345,   none, 0D,  2.232,  1.263,  8.936,    89
69.322, -2.291,   none, 0D,  2.223,  1.203,  9.025,    89
69.382, -2.250,   none, 0D,  2.223,  1.143,  9.025,    89
69.442, -2.196,   none, 0D,  2.223,  1.083,  9.025,    89
69.551, -2.171,   none, 0D,  2.214,  1.023,  9.114,    89
69.611, -2.136,   none, 0D,  2.214,  0.962,  9.114,    89
69.719, -2.136, saddle, 0D,  2.206,  0.902,  9.204,    89
69.859, -2.145,   none, 0D,  2.116,  0.842,  9.293,    89
69.919, -2.185,   none, 0D,  2.116,  0.782,  9.293,    89
70.027, -2.223,   none, 0D,  2.107,  0.722,  9.382,    89
70.087, -2.281,   none, 0D,  2.107,  0.662,  9.382,    89
70.196, -2.336,   none, 0D,  2.099,  0.602,  9.472,    89
70.297, -2.411,   none, 0D,  2.017,  0.541,  9.472,    89
70.405, -2.486,   none, 0D,  2.009,  0.481,  9.561,    89
70.465, -2.558,   none, 0D,  2.009,  0.421,  9.561,    89
70.573, -2.620,   none, 0D,  2.000,  0.361,  9.650,    89
70.633, -2.679,   none, 0D,  2.000,  0.301,  9.650,    89
70.693, -2.726,   none, 0D,  2.000,  0.241,  9.650,    89
70.795, -2.764,   none, 0D,  1.919,  0.180,  9.650,    89
70.903, -2.792,   none, 0D,  1.910,  0.120,  9.740,    89
70.963, -2.810,   none, 0D,  1.910,  0.060,  9.740,    89
71.023, -2.816,    Li3, 0D,  1.910,  0.000,  9.740,    67
71.113, -2.814,   none, 0D,  1.919,  0.000,  9.650,    67
71.202, -2.790,   none, 0D,  1.927,  0.000,  9.561,    67
71.318, -2.731,   none, 0D,  1.854,  0.000,  9.472,    67
71.433, -2.640,   none, 0D,  1.782,  0.000,  9.382,    67
71.548, -2.526,   none, 0D,  1.709,  0.000,  9.293,    67
71.663, -2.400,   none, 0D,  1.636,  0.000,  9.204,    67
71.779, -2.275,   none, 0D,  1.563,  0.000,  9.114,    67
71.894, -2.166,   none, 0D,  1.491,  0.000,  9.025,    67
72.009, -2.085,   none, 0D,  1.418,  0.000,  8.936,    67
72.124, -2.042, saddle, 0D,  1.345,  0.000,  8.846,    67
72.240, -2.045,   none, 0D,  1.272,  0.000,  8.757,    67
72.355, -2.090,   none, 0D,  1.199,  0.000,  8.667,    67
72.470, -2.169,   none, 0D,  1.127,  0.000,  8.578,    67
72.585, -2.267,   none, 0D,  1.054,  0.000,  8.489,    67
72.701, -2.360,   none, 0D,  0.981,  0.000,  8.399,    67
72.790, -2.417,   none, 0D,  0.990,  0.000,  8.310,    67
72.906, -2.427,  Li_i4, 0D,  0.917,  0.000,  8.221,    52
72.966, -2.418,   none, 0D,  0.917,  0.060,  8.221,    52
73.026, -2.390,   none, 0D,  0.917,  0.120,  8.221,    52
73.127, -2.345,   none, 0D,  0.998,  0.180,  8.221,    52
73.235, -2.291,   none, 0D,  1.007,  0.241,  8.131,    52
73.295, -2.250,   none, 0D,  1.007,  0.301,  8.131,    52
73.356, -2.196,   none, 0D,  1.007,  0.361,  8.131,    52
73.464, -2.171,   none, 0D,  1.015,  0.421,  8.042,    52
73.524, -2.136,   none, 0D,  1.015,  0.481,  8.042,    52
73.632, -2.136, saddle, 0D,  1.024,  0.541,  7.953,    52
73.772, -2.145,   none, 0D,  1.114,  0.602,  7.863,    52
73.832, -2.185,   none, 0D,  1.114,  0.662,  7.863,    52
73.940, -2.223,   none, 0D,  1.123,  0.722,  7.774,    52
74.001, -2.281,   none, 0D,  1.123,  0.782,  7.774,    52
74.109, -2.336,   none, 0D,  1.131,  0.842,  7.685,    52
74.210, -2.411,   none, 0D,  1.213,  0.902,  7.685,    52
74.318, -2.486,   none, 0D,  1.221,  0.962,  7.595,    52
74.378, -2.558,   none, 0D,  1.221,  1.023,  7.595,    52
74.486, -2.620,   none, 0D,  1.230,  1.083,  7.506,    52
74.546, -2.679,   none, 0D,  1.230,  1.143,  7.506,    52
74.606, -2.726,   none, 0D,  1.230,  1.203,  7.506,    52
74.708, -2.764,   none, 0D,  1.311,  1.263,  7.506,    52
74.816, -2.792,   none, 0D,  1.320,  1.323,  7.416,    52
74.876, -2.810,   none, 0D,  1.320,  1.383,  7.416,    52
