r_coor, energy,   site, dn,      x,      y,      z, index
 1.806, -2.279,  Li_i2, 1D, -1.403,  3.992,  5.872,    64
 1.891, -2.268,   none, 1D, -1.435,  4.032,  5.939,    64
 1.992, -2.226,   none, 1D, -1.372,  4.111,  5.939,    64
 2.081, -2.174,   none, 1D, -0.348, -3.456,  6.006,    64
 2.170, -2.108,   none, 1D, -0.307, -3.416,  6.074,    64
 2.271, -2.034,   none, 1D, -0.244, -3.336,  6.074,    64
 2.360, -1.978,   none, 1D, -0.203, -3.296,  6.141,    64
 2.449, -1.924,   none, 1D, -0.162, -3.256,  6.209,    64
 2.550, -1.875,   none, 1D, -0.098, -3.176,  6.209,    64
 2.639, -1.858,   none, 1D, -0.057, -3.136,  6.276,    64
 2.728, -1.847, saddle, 1D, -0.016, -3.096,  6.344,    64
 2.807, -1.859,   none, 1D, -0.026, -3.016,  6.344,    64
 2.896, -1.876,   none, 1D,  0.015, -2.976,  6.411,    64
 2.998, -1.904,   none, 1D,  0.078, -2.897,  6.411,    64
 3.086, -1.951,   none, 1D,  2.236,  0.872,  0.000,    64
 3.175, -1.997,   none, 1D,  2.277,  0.912,  0.067,    64
 3.276, -2.046,   none, 1D,  2.340,  0.991,  0.067,    64
 3.365, -2.100,   none, 1D,  2.381,  1.032,  0.135,    64
 3.454, -2.144,   none, 1D,  2.423,  1.072,  0.202,    64
 3.555, -2.179,   none, 1D,  2.486,  1.151,  0.202,    64
 3.644, -2.212,   none, 1D,  2.527,  1.192,  0.270,    64
 3.733, -2.233,   none, 1D,  2.568,  1.232,  0.337,    64
 3.822, -2.242,   none, 1D,  2.609,  1.273,  0.405,    64
 3.895, -2.244,   none, 1D,  2.682,  1.273,  0.405,    64
 3.988, -2.248,    Li3, 1D,  2.734,  1.234,  0.472,    98
 4.103, -2.238,   none, 1D,  2.817,  1.155,  0.472,    98
 4.219, -2.213,   none, 1D,  2.901,  1.075,  0.472,    98
 4.368, -2.186,   none, 1D,  2.963,  0.957,  0.540,    98
 4.483, -2.155,   none, 1D,  3.046,  0.878,  0.540,    98
 4.598, -2.122,   none, 1D,  3.130,  0.799,  0.540,    98
 4.748, -2.096,   none, 1D,  3.191,  0.681,  0.607,    98
 4.863, -2.080,   none, 1D,  3.275,  0.601,  0.607,    98
 4.943, -2.074, saddle, 1D,  3.285,  0.522,  0.607,    98
 5.058, -2.082,   none, 1D,  3.369,  0.443,  0.607,    98
 5.138, -2.097,   none, 1D,  3.379,  0.364,  0.607,    98
 5.253, -2.130,   none, 1D,  3.463,  0.284,  0.607,    98
 5.402, -2.168,   none, 1D,  3.524,  0.166,  0.675,    98
 5.487, -2.210,   none, 1D,  3.557,  0.126,  0.607,    98
 5.567, -2.248,   none, 1D,  3.567,  0.047,  0.607,    98
 5.647, -2.273,   none, 1D,  3.577, -0.033,  0.607,    98
 5.727, -2.279,  Li_i2, 1D,  3.587, -0.112,  0.607,   122
 5.801, -2.279,   none, 1D,  3.661, -0.112,  0.607,   122
 5.874, -2.250,   none, 1D,  3.734, -0.112,  0.607,   122
 5.947, -2.197,   none, 1D,  3.808, -0.112,  0.607,   122
 6.071, -2.123,   none, 1D,  3.903, -0.073,  0.540,   122
 6.194, -2.038,   none, 1D,  3.999, -0.034,  0.472,   122
 6.325, -1.967,   none, 1D,  4.104, -0.074,  0.405,   122
 6.449, -1.912,   none, 1D,  4.200, -0.036,  0.337,   122
 6.580, -1.871,   none, 1D,  4.305, -0.076,  0.270,   122
 6.704, -1.863, saddle, 1D,  4.401, -0.037,  0.202,   122
 6.777, -1.875,   none, 1D,  4.474, -0.037,  0.202,   122
 6.900, -1.893,   none, 1D,  4.570,  0.002,  0.135,   122
 7.032, -1.923,   none, 1D,  4.675, -0.039,  0.067,   122
 7.105, -1.955,   none, 1D,  4.749, -0.039,  0.067,   122
 7.229, -1.986,   none, 1D,  4.844,  0.000,  0.000,   122
 7.302, -2.014,   none, 1D,  4.918,  0.000,  0.000,   122
 7.375, -2.036,   none, 1D,  4.991,  0.000,  0.000,   122
 7.449, -2.051,   none, 1D,  5.064,  0.000,  0.000,   122
 7.522, -2.062,   none, 1D,  5.138,  0.000,  0.000,   122
 7.595, -2.068,   none, 1D,  5.211,  0.000,  0.000,   122
 7.669, -2.070,    Li4, 1D,  0.000,  0.000,  0.000,    28
 7.742, -2.068,   none, 1D,  0.073,  0.000,  0.000,    28
 7.816, -2.062,   none, 1D,  0.147,  0.000,  0.000,    28
 7.889, -2.051,   none, 1D,  0.220,  0.000,  0.000,    28
 7.962, -2.036,   none, 1D,  0.294,  0.000,  0.000,    28
 8.036, -2.014,   none, 1D,  0.367,  0.000,  0.000,    28
 8.109, -1.986,   none, 1D,  0.440,  0.000,  0.000,    28
 8.232, -1.955,   none, 1D, -1.581, -3.689,  6.411,    28
 8.306, -1.923,   none, 1D, -1.508, -3.689,  6.411,    28
 8.438, -1.893,   none, 1D, -2.385,  3.878,  6.344,    28
 8.561, -1.875,   none, 1D, -2.289,  3.917,  6.276,    28
 8.634, -1.863, saddle, 1D, -2.216,  3.917,  6.276,    28
 8.757, -1.871,   none, 1D, -2.120,  3.956,  6.209,    28
 8.889, -1.912,   none, 1D, -2.015,  3.916,  6.141,    28
 9.012, -1.967,   none, 1D, -1.919,  3.954,  6.074,    28
 9.144, -2.038,   none, 1D, -1.814,  3.914,  6.006,    28
 9.267, -2.123,   none, 1D, -1.718,  3.953,  5.939,    28
 9.390, -2.197,   none, 1D, -1.623,  3.992,  5.872,    28
 9.464, -2.250,   none, 1D, -1.549,  3.992,  5.872,    28
 9.537, -2.279,   none, 1D, -1.476,  3.992,  5.872,    28
12.875, -2.270,    Li5, 2D, -1.550,  1.940,  3.239,    34
12.955, -2.262,   none, 2D, -1.560,  2.019,  3.239,    34
13.044, -2.244,   none, 2D, -1.519,  2.060,  3.307,    34
13.124, -2.213,   none, 2D, -1.529,  2.139,  3.307,    34
13.204, -2.166,   none, 2D, -1.539,  2.218,  3.307,    34
13.292, -2.109,   none, 2D, -1.498,  2.259,  3.374,    34
13.372, -2.036,   none, 2D, -1.509,  2.338,  3.374,    34
13.461, -1.953,   none, 2D, -1.467,  2.378,  3.442,    34
13.550, -1.857,   none, 2D, -1.426,  2.419,  3.509,    34
13.639, -1.752,   none, 2D, -1.385,  2.459,  3.577,    34
13.727, -1.643,   none, 2D, -1.344,  2.499,  3.644,    34
13.816, -1.534,   none, 2D, -1.303,  2.540,  3.712,    34
13.917, -1.436,   none, 2D, -1.240,  2.619,  3.712,    34
14.006, -1.348,   none, 2D, -1.199,  2.660,  3.779,    34
14.095, -1.272,   none, 2D, -1.158,  2.700,  3.847,    34
14.184, -1.210,   none, 2D, -1.117,  2.740,  3.914,    34
14.273, -1.163,   none, 2D, -1.075,  2.781,  3.982,    34
14.358, -1.136,   none, 2D, -1.108,  2.821,  4.049,    34
14.446, -1.128, saddle, 2D, -1.067,  2.862,  4.117,    34
14.535, -1.132,   none, 2D, -1.026,  2.902,  4.184,    34
14.624, -1.142,   none, 2D, -0.984,  2.942,  4.252,    34
14.704, -1.158,   none, 2D, -0.995,  3.022,  4.252,    34
14.792, -1.169,   none, 2D, -0.954,  3.062,  4.319,    34
14.878, -1.184,   none, 2D, -0.986,  3.102,  4.387,    34
14.957, -1.194,   none, 2D, -0.996,  3.182,  4.387,    34
15.037, -1.204,   none, 2D, -1.006,  3.261,  4.387,    34
15.187, -1.226,   none, 2D, -1.068,  3.379,  4.319,    34
15.336, -1.271,   none, 2D, -1.129,  3.497,  4.252,    34
15.485, -1.340,   none, 2D, -1.191,  3.615,  4.184,    34
15.635, -1.426,   none, 2D, -1.253,  3.733,  4.117,    34
15.750, -1.549,   none, 2D, -1.336,  3.813,  4.117,    34
15.899, -1.681,   none, 2D, -1.398,  3.931,  4.049,    34
16.014, -1.807,   none, 2D, -1.481,  4.010,  4.049,    34
16.164, -1.930,   none, 2D, -1.543,  4.128,  3.982,    34
16.243, -2.020,   none, 2D, -1.553,  4.207,  3.982,    34
16.332, -2.100,   none, 2D, -1.512,  4.248,  4.049,    34
16.417, -2.167,   none, 2D, -1.544,  4.288,  4.117,    34
16.497, -2.223,   none, 2D, -1.555,  4.367,  4.117,    34
16.586, -2.267,   none, 2D, -1.514,  4.408,  4.184,    34
16.666, -2.297,   none, 2D, -1.524,  4.487,  4.184,    34
16.751, -2.316,   none, 2D, -1.556,  4.527,  4.252,    34
16.840, -2.322,    Li1, 2D, -1.515,  4.568,  4.319,    40
16.921, -2.310,   none, 2D, -1.537,  4.529,  4.387,    40
17.009, -2.291,   none, 2D, -1.496,  4.569,  4.454,    40
17.090, -2.267,   none, 2D, -1.518,  4.531,  4.522,    40
17.171, -2.230,   none, 2D, -1.540,  4.492,  4.589,    40
17.264, -2.192,   none, 2D, -1.489,  4.453,  4.657,    40
17.345, -2.150,   none, 2D, -1.511,  4.414,  4.724,    40
17.434, -2.102,   none, 2D, -1.470,  4.454,  4.792,    40
17.515, -2.065,   none, 2D, -1.492,  4.416,  4.859,    40
17.596, -2.027,   none, 2D, -1.514,  4.377,  4.927,    40
17.689, -1.995,   none, 2D, -1.462,  4.338,  4.994,    40
17.770, -1.976,   none, 2D, -1.484,  4.299,  5.062,    40
17.851, -1.958,   none, 2D, -1.506,  4.260,  5.129,    40
17.944, -1.957, saddle, 2D, -1.455,  4.221,  5.197,    40
18.025, -1.968,   none, 2D, -1.477,  4.183,  5.264,    40
18.106, -1.979,   none, 2D, -1.499,  4.144,  5.332,    40
18.199, -2.017,   none, 2D, -1.448,  4.105,  5.399,    40
18.280, -2.052,   none, 2D, -1.470,  4.066,  5.467,    40
18.369, -2.096,   none, 2D, -1.429,  4.107,  5.534,    40
18.450, -2.150,   none, 2D, -1.451,  4.068,  5.602,    40
18.531, -2.195,   none, 2D, -1.473,  4.029,  5.669,    40
18.624, -2.238,   none, 2D, -1.422,  3.990,  5.737,    40
18.705, -2.267,   none, 2D, -1.444,  3.951,  5.804,    40
21.031, -2.279,  Li_i2, 2D,  3.587, -0.112,  0.607,   110
21.119, -2.267,   none, 2D,  3.629, -0.071,  0.675,   110
21.200, -2.238,   none, 2D,  3.606, -0.110,  0.742,   110
21.294, -2.195,   none, 2D,  3.658, -0.149,  0.810,   110
21.375, -2.150,   none, 2D,  3.636, -0.188,  0.877,   110
21.456, -2.096,   none, 2D,  3.614, -0.227,  0.945,   110
21.544, -2.052,   none, 2D,  3.655, -0.186,  1.012,   110
21.625, -2.017,   none, 2D,  3.633, -0.225,  1.080,   110
21.718, -1.979,   none, 2D,  3.684, -0.264,  1.147,   110
21.799, -1.968,   none, 2D,  3.662, -0.303,  1.215,   110
21.880, -1.957, saddle, 2D,  3.640, -0.342,  1.282,   110
21.974, -1.958,   none, 2D,  3.691, -0.380,  1.350,   110
22.055, -1.976,   none, 2D,  3.669, -0.419,  1.417,   110
22.135, -1.995,   none, 2D,  3.647, -0.458,  1.485,   110
22.229, -2.027,   none, 2D,  3.699, -0.497,  1.552,   110
22.310, -2.065,   none, 2D,  3.677, -0.536,  1.620,   110
22.391, -2.102,   none, 2D,  3.654, -0.575,  1.687,   110
22.479, -2.150,   none, 2D,  3.696, -0.534,  1.755,   110
22.560, -2.192,   none, 2D,  3.674, -0.573,  1.822,   110
22.654, -2.230,   none, 2D,  3.725, -0.612,  1.890,   110
22.734, -2.267,   none, 2D,  3.703, -0.651,  1.957,   110
22.815, -2.291,   none, 2D,  3.681, -0.689,  2.025,   110
22.904, -2.310,   none, 2D,  3.722, -0.649,  2.092,   110
22.985, -2.322,    Li1, 2D,  3.700, -0.688,  2.160,   116
23.074, -2.316,   none, 2D,  3.741, -0.647,  2.227,   116
23.159, -2.297,   none, 2D,  3.709, -0.607,  2.295,   116
23.239, -2.267,   none, 2D,  3.698, -0.528,  2.295,   116
23.328, -2.223,   none, 2D,  3.740, -0.487,  2.362,   116
23.407, -2.167,   none, 2D,  3.729, -0.408,  2.362,   116
23.492, -2.100,   none, 2D,  3.697, -0.368,  2.430,   116
23.581, -2.020,   none, 2D,  3.738, -0.327,  2.497,   116
23.661, -1.930,   none, 2D,  3.728, -0.248,  2.497,   116
23.810, -1.807,   none, 2D,  3.666, -0.130,  2.430,   116
23.926, -1.681,   none, 2D,  3.583, -0.051,  2.430,   116
24.075, -1.549,   none, 2D,  3.521,  0.067,  2.362,   116
24.190, -1.426,   none, 2D,  3.437,  0.147,  2.362,   116
24.339, -1.340,   none, 2D,  3.376,  0.265,  2.295,   116
24.489, -1.271,   none, 2D,  3.314,  0.383,  2.227,   116
24.638, -1.226,   none, 2D,  3.253,  0.501,  2.160,   116
24.787, -1.204,   none, 2D,  3.191,  0.619,  2.092,   116
24.867, -1.194,   none, 2D,  3.181,  0.698,  2.092,   116
24.947, -1.184,   none, 2D,  3.171,  0.777,  2.092,   116
25.032, -1.169,   none, 2D,  3.138,  0.818,  2.160,   116
25.121, -1.158,   none, 2D,  3.179,  0.858,  2.227,   116
25.201, -1.142,   none, 2D,  3.169,  0.937,  2.227,   116
25.290, -1.132,   none, 2D,  3.210,  0.978,  2.295,   116
25.378, -1.128, saddle, 2D,  3.251,  1.018,  2.362,   116
25.467, -1.136,   none, 2D,  3.293,  1.059,  2.430,   116
25.552, -1.163,   none, 2D,  3.260,  1.099,  2.497,   116
25.641, -1.210,   none, 2D,  3.301,  1.140,  2.565,   116
25.730, -1.272,   none, 2D,  3.343,  1.180,  2.632,   116
25.818, -1.348,   none, 2D,  3.384,  1.220,  2.700,   116
25.907, -1.436,   none, 2D,  3.425,  1.261,  2.767,   116
26.009, -1.534,   none, 2D,  3.488,  1.340,  2.767,   116
26.097, -1.643,   none, 2D,  3.529,  1.380,  2.835,   116
26.186, -1.752,   none, 2D,  3.570,  1.421,  2.902,   116
26.275, -1.857,   none, 2D,  3.611,  1.461,  2.969,   116
26.364, -1.953,   none, 2D,  3.652,  1.502,  3.037,   116
26.452, -2.036,   none, 2D,  3.693,  1.542,  3.104,   116
26.532, -2.109,   none, 2D,  3.683,  1.621,  3.104,   116
26.621, -2.166,   none, 2D,  3.724,  1.662,  3.172,   116
26.701, -2.213,   none, 2D,  3.714,  1.741,  3.172,   116
26.781, -2.244,   none, 2D,  3.704,  1.820,  3.172,   116
26.870, -2.262,   none, 2D, -1.540,  1.861,  3.239,   116
29.871, -2.088,    Li2, 3D,  2.729,  4.019,  1.417,    94
29.956, -2.088,   none, 3D,  2.697,  4.059,  1.485,    94
30.036, -2.074,   none, 3D,  2.687,  4.138,  1.485,    94
30.125, -2.048,   none, 3D,  2.728,  4.179,  1.552,    94
30.214, -2.006,   none, 3D,  2.769,  4.219,  1.620,    94
30.293, -1.949,   none, 3D,  2.759,  4.298,  1.620,    94
30.382, -1.879,   none, 3D,  2.800,  4.339,  1.687,    94
30.531, -1.776,   none, 3D,  2.738,  4.457,  1.620,    94
30.647, -1.661,   none, 3D,  2.654,  4.536,  1.620,    94
30.762, -1.515,   none, 3D,  2.571,  4.615,  1.620,    94
30.911, -1.377,   none, 3D,  2.509,  4.733,  1.552,    94
31.026, -1.236,   none, 3D,  2.426,  4.813,  1.552,    94
31.176, -1.105,   none, 3D,  2.364,  4.931,  1.485,    94
31.291, -0.996,   none, 3D,  2.280,  5.010,  1.485,    94
31.371, -0.909,   none, 3D,  2.270,  5.089,  1.485,    94
31.451, -0.833,   none, 3D,  2.260,  5.169,  1.485,    94
31.566, -0.775,   none, 3D,  2.176,  5.248,  1.485,    94
31.646, -0.748,   none, 3D,  2.166,  5.327,  1.485,    94
31.726, -0.734,   none, 3D,  2.156,  5.406,  1.485,    94
31.806, -0.734, saddle, 3D,  2.146,  5.486,  1.485,    94
31.886, -0.744,   none, 3D,  2.135,  5.565,  1.485,    94
31.965, -0.763,   none, 3D,  2.125,  5.644,  1.485,    94
32.054, -0.790,   none, 3D,  2.166,  5.684,  1.552,    94
32.134, -0.830,   none, 3D,  2.156,  5.764,  1.552,    94
32.223, -0.880,   none, 3D,  2.197,  5.804,  1.620,    94
32.303, -0.937,   none, 3D,  2.187,  5.883,  1.620,    94
32.392, -1.015,   none, 3D,  2.228,  5.924,  1.687,    94
32.480, -1.099,   none, 3D,  2.269,  5.964,  1.755,    94
32.582, -1.208,   none, 3D,  2.332,  6.043,  1.755,    94
32.670, -1.325,   none, 3D,  2.373,  6.084,  1.822,    94
32.759, -1.442,   none, 3D,  2.415,  6.124,  1.890,    94
32.861, -1.560,   none, 3D,  2.478,  6.204,  1.890,    94
32.949, -1.689,   none, 3D,  2.519,  6.244,  1.957,    94
33.038, -1.805,   none, 3D,  2.560,  6.284,  2.025,    94
33.139, -1.908,   none, 3D,  2.623,  6.364,  2.025,    94
33.228, -2.008,   none, 3D,  3.647, -1.204,  2.092,    94
33.308, -2.093,   none, 3D,  3.637, -1.125,  2.092,    94
33.397, -2.161,   none, 3D,  3.678, -1.084,  2.160,    94
33.477, -2.219,   none, 3D,  3.667, -1.005,  2.160,    94
33.613, -2.262,   none, 3D,  3.679, -0.887,  2.092,    94
33.702, -2.298,   none, 3D,  3.720, -0.846,  2.160,    94
33.782, -2.317,   none, 3D,  3.710, -0.767,  2.160,    94
36.575, -2.248,    Li3, 0D,  2.734,  1.234,  0.472,   108
36.669, -2.244,   none, 0D,  2.785,  1.195,  0.540,   108
36.757, -2.236,   none, 0D,  2.826,  1.235,  0.607,   108
36.851, -2.221,   none, 0D,  2.878,  1.197,  0.675,   108
36.944, -2.195,   none, 0D,  2.929,  1.158,  0.742,   108
37.033, -2.162,   none, 0D,  2.970,  1.198,  0.810,   108
37.114, -2.117,   none, 0D,  2.948,  1.159,  0.877,   108
37.202, -2.068,   none, 0D,  2.989,  1.200,  0.945,   108
37.283, -2.006,   none, 0D,  2.967,  1.161,  1.012,   108
37.372, -1.939,   none, 0D,  3.008,  1.201,  1.080,   108
37.453, -1.865,   none, 0D,  2.986,  1.163,  1.147,   108
37.546, -1.784,   none, 0D,  3.037,  1.124,  1.215,   108
37.627, -1.702,   none, 0D,  3.015,  1.085,  1.282,   108
37.716, -1.614,   none, 0D,  3.057,  1.125,  1.350,   108
37.797, -1.540,   none, 0D,  3.034,  1.086,  1.417,   108
37.878, -1.455,   none, 0D,  3.012,  1.048,  1.485,   108
37.971, -1.393,   none, 0D,  3.064,  1.009,  1.552,   108
38.052, -1.329,   none, 0D,  3.042,  0.970,  1.620,   108
38.145, -1.277,   none, 0D,  3.093,  0.931,  1.687,   108
38.226, -1.243,   none, 0D,  3.071,  0.892,  1.755,   108
38.320, -1.208,   none, 0D,  3.122,  0.853,  1.822,   108
38.400, -1.201,   none, 0D,  3.100,  0.815,  1.890,   108
38.550, -1.189, saddle, 0D,  3.162,  0.697,  1.957,   108
38.635, -1.193,   none, 0D,  3.130,  0.737,  2.025,   108
38.784, -1.204,   none, 0D,  3.191,  0.619,  2.092,   108
38.933, -1.226,   none, 0D,  3.253,  0.501,  2.160,   108
39.083, -1.271,   none, 0D,  3.314,  0.383,  2.227,   108
39.232, -1.340,   none, 0D,  3.376,  0.265,  2.295,   108
39.381, -1.426,   none, 0D,  3.437,  0.147,  2.362,   108
39.496, -1.549,   none, 0D,  3.521,  0.067,  2.362,   108
39.646, -1.681,   none, 0D,  3.583, -0.051,  2.430,   108
39.761, -1.807,   none, 0D,  3.666, -0.130,  2.430,   108
39.910, -1.930,   none, 0D,  3.728, -0.248,  2.497,   108
39.990, -2.020,   none, 0D,  3.738, -0.327,  2.497,   108
40.079, -2.100,   none, 0D,  3.697, -0.368,  2.430,   108
40.164, -2.167,   none, 0D,  3.729, -0.408,  2.362,   108
40.244, -2.223,   none, 0D,  3.740, -0.487,  2.362,   108
40.333, -2.267,   none, 0D,  3.698, -0.528,  2.295,   108
40.413, -2.297,   none, 0D,  3.709, -0.607,  2.295,   108
40.498, -2.316,   none, 0D,  3.741, -0.647,  2.227,   108
40.586, -2.322,    Li1, 0D,  3.700, -0.688,  2.160,   111
40.667, -2.310,   none, 0D,  3.722, -0.649,  2.092,   111
40.756, -2.291,   none, 0D,  3.681, -0.689,  2.025,   111
40.837, -2.267,   none, 0D,  3.703, -0.651,  1.957,   111
40.918, -2.230,   none, 0D,  3.725, -0.612,  1.890,   111
41.011, -2.192,   none, 0D,  3.674, -0.573,  1.822,   111
41.092, -2.150,   none, 0D,  3.696, -0.534,  1.755,   111
41.181, -2.102,   none, 0D,  3.654, -0.575,  1.687,   111
41.262, -2.065,   none, 0D,  3.677, -0.536,  1.620,   111
41.343, -2.027,   none, 0D,  3.699, -0.497,  1.552,   111
41.436, -1.995,   none, 0D,  3.647, -0.458,  1.485,   111
41.517, -1.976,   none, 0D,  3.669, -0.419,  1.417,   111
41.598, -1.958,   none, 0D,  3.691, -0.380,  1.350,   111
41.691, -1.957, saddle, 0D,  3.640, -0.342,  1.282,   111
41.772, -1.968,   none, 0D,  3.662, -0.303,  1.215,   111
41.853, -1.979,   none, 0D,  3.684, -0.264,  1.147,   111
41.946, -2.017,   none, 0D,  3.633, -0.225,  1.080,   111
42.027, -2.052,   none, 0D,  3.655, -0.186,  1.012,   111
42.116, -2.096,   none, 0D,  3.614, -0.227,  0.945,   111
42.197, -2.150,   none, 0D,  3.636, -0.188,  0.877,   111
42.278, -2.195,   none, 0D,  3.658, -0.149,  0.810,   111
42.371, -2.238,   none, 0D,  3.606, -0.110,  0.742,   111
42.452, -2.267,   none, 0D,  3.629, -0.071,  0.675,   111
42.541, -2.279,  Li_i2, 0D,  3.587, -0.112,  0.607,    99
42.621, -2.273,   none, 0D,  3.577, -0.033,  0.607,    99
42.700, -2.248,   none, 0D,  3.567,  0.047,  0.607,    99
42.780, -2.210,   none, 0D,  3.557,  0.126,  0.607,    99
42.865, -2.168,   none, 0D,  3.524,  0.166,  0.675,    99
43.015, -2.130,   none, 0D,  3.463,  0.284,  0.607,    99
43.130, -2.097,   none, 0D,  3.379,  0.364,  0.607,    99
43.210, -2.082,   none, 0D,  3.369,  0.443,  0.607,    99
43.325, -2.074, saddle, 0D,  3.285,  0.522,  0.607,    99
43.405, -2.080,   none, 0D,  3.275,  0.601,  0.607,    99
43.520, -2.096,   none, 0D,  3.191,  0.681,  0.607,    99
43.669, -2.122,   none, 0D,  3.130,  0.799,  0.540,    99
43.785, -2.155,   none, 0D,  3.046,  0.878,  0.540,    99
43.900, -2.186,   none, 0D,  2.963,  0.957,  0.540,    99
44.049, -2.213,   none, 0D,  2.901,  1.075,  0.472,    99
44.164, -2.238,   none, 0D,  2.817,  1.155,  0.472,    99
