r_coor, energy,   site, dn,      x,      y,      z, index
 4.867, -1.991, Li_i23, 1D,  4.242,  7.205,  7.720,   228
 4.945, -1.977,   none, 1D,  4.321,  7.205,  7.720,   228
 5.058, -1.949,   none, 1D,  4.399,  7.286,  7.720,   228
 5.165, -1.910,   none, 1D,  4.466,  7.280,  7.638,   228
 5.278, -1.888,   none, 1D,  4.545,  7.361,  7.638,   228
 5.391, -1.868,   none, 1D,  4.624,  7.443,  7.638,   228
 5.504, -1.850, saddle, 1D,  4.702,  7.524,  7.638,   228
 5.634, -1.857,   none, 1D,  4.769,  7.599,  7.556,   228
 5.747, -1.879,   none, 1D,  4.848,  7.680,  7.556,   228
 5.877, -1.906,   none, 1D,  4.915,  7.755,  7.473,   228
 5.990, -1.959,   none, 1D,  4.994,  7.836,  7.473,   228
 6.120, -2.005,   none, 1D,  5.061,  7.911,  7.391,   228
 6.233, -2.070,   none, 1D,  5.139,  7.992,  7.391,   228
 6.346, -2.119,   none, 1D,  5.218,  8.074,  7.391,   228
 6.476, -2.169,   none, 1D,  5.285,  8.148,  7.309,   228
 6.554, -2.203,   none, 1D,  5.364,  8.148,  7.309,   228
 6.633, -2.229,   none, 1D,  5.442,  8.148,  7.309,   228
 6.711, -2.246,   none, 1D,  5.521,  8.148,  7.309,   228
 6.790, -2.255,   none, 1D,  5.599,  8.148,  7.309,   228
 6.868, -2.257,  Li_i5, 1D,  5.678,  8.148,  7.309,   336
 6.947, -2.251,   none, 1D,  5.756,  8.148,  7.309,   336
 7.026, -2.237,   none, 1D,  5.835,  8.148,  7.309,   336
 7.104, -2.216,   none, 1D,  5.913,  8.148,  7.309,   336
 7.183, -2.186,   none, 1D,  5.992,  8.148,  7.309,   336
 7.296, -2.137,   none, 1D,  6.070,  8.067,  7.309,   336
 7.439, -2.086,   none, 1D,  6.160,  7.992,  7.391,   336
 7.552, -2.019,   none, 1D,  6.239,  7.911,  7.391,   336
 7.695, -1.968,   none, 1D,  6.329,  7.836,  7.473,   336
 7.837, -1.914,   none, 1D,  6.419,  7.761,  7.556,   336
 7.950, -1.889,   none, 1D,  6.497,  7.680,  7.556,   336
 8.093, -1.867, saddle, 1D,  6.587,  7.605,  7.638,   336
 8.206, -1.877,   none, 1D,  6.666,  7.524,  7.638,   336
 8.319, -1.888,   none, 1D,  1.090,  7.443,  7.638,   336
 8.462, -1.918,   none, 1D,  1.180,  7.368,  7.720,   336
 8.575, -1.946,   none, 1D,  1.258,  7.286,  7.720,   336
 8.654, -1.968,   none, 1D,  1.336,  7.286,  7.720,   336
 8.732, -1.975,  Li_i6, 1D,  1.415,  7.286,  7.720,    60
 8.811, -1.967,   none, 1D,  1.494,  7.286,  7.720,    60
 8.924, -1.946,   none, 1D,  1.572,  7.368,  7.720,    60
 9.003, -1.918,   none, 1D,  1.651,  7.368,  7.720,    60
 9.132, -1.898,   none, 1D,  1.718,  7.443,  7.638,    60
 9.246, -1.890,   none, 1D,  1.796,  7.524,  7.638,    60
 9.359, -1.881, saddle, 1D,  1.875,  7.605,  7.638,    60
 9.488, -1.894,   none, 1D,  1.942,  7.680,  7.556,    60
 9.602, -1.920,   none, 1D,  2.021,  7.761,  7.556,    60
 9.731, -1.952,   none, 1D,  2.088,  7.836,  7.473,    60
 9.845, -2.004,   none, 1D,  2.167,  7.918,  7.473,    60
 9.974, -2.051,   none, 1D,  2.234,  7.992,  7.391,    60
10.087, -2.108,   none, 1D,  2.312,  8.074,  7.391,    60
10.166, -2.150,   none, 1D,  2.391,  8.074,  7.391,    60
10.296, -2.186,   none, 1D,  2.458,  8.148,  7.309,    60
10.374, -2.217,   none, 1D,  2.537,  8.148,  7.309,    60
10.453, -2.240,   none, 1D,  2.615,  8.148,  7.309,    60
10.531, -2.256,   none, 1D,  2.694,  8.148,  7.309,    60
10.644, -2.264,   none, 1D,  2.772,  8.067,  7.309,    60
10.723, -2.266, Li_i10, 1D,  2.851,  8.067,  7.309,   164
10.801, -2.260,   none, 1D,  2.929,  8.067,  7.309,   164
10.880, -2.245,   none, 1D,  3.008,  8.067,  7.309,   164
10.993, -2.223,   none, 1D,  3.086,  8.148,  7.309,   164
11.106, -2.190,   none, 1D,  3.165,  8.067,  7.309,   164
11.249, -2.138,   none, 1D,  3.255,  7.992,  7.391,   164
11.362, -2.084,   none, 1D,  3.333,  7.911,  7.391,   164
11.505, -2.018,   none, 1D,  3.423,  7.836,  7.473,   164
11.618, -1.967,   none, 1D,  3.501,  7.755,  7.473,   164
11.761, -1.918,   none, 1D,  3.591,  7.680,  7.556,   164
11.874, -1.893,   none, 1D,  3.670,  7.599,  7.556,   164
12.017, -1.875, saddle, 1D,  3.760,  7.524,  7.638,   164
12.130, -1.889,   none, 1D,  3.838,  7.443,  7.638,   164
12.243, -1.904,   none, 1D,  3.917,  7.361,  7.638,   164
12.386, -1.933,   none, 1D,  4.007,  7.286,  7.720,   164
12.464, -1.965,   none, 1D,  4.085,  7.286,  7.720,   164
12.577, -1.986,   none, 1D,  4.164,  7.205,  7.720,   164
15.290, -1.973, Li_i14, 2D,  2.825,  4.846,  7.720,   110
15.371, -1.963,   none, 2D,  2.824,  4.765,  7.720,   110
15.453, -1.944,   none, 2D,  2.824,  4.683,  7.720,   110
15.534, -1.918,   none, 2D,  2.824,  4.602,  7.720,   110
15.615, -1.890,   none, 2D,  2.824,  4.521,  7.720,   110
15.736, -1.865, saddle, 2D,  2.812,  4.433,  7.638,   110
15.817, -1.873,   none, 2D,  2.812,  4.351,  7.638,   110
15.899, -1.886,   none, 2D,  2.812,  4.270,  7.638,   110
16.020, -1.903,   none, 2D,  2.800,  4.182,  7.556,   110
16.101, -1.956,   none, 2D,  2.800,  4.101,  7.556,   110
16.182, -2.007,   none, 2D,  2.800,  4.019,  7.556,   110
16.320, -2.063,   none, 2D,  2.867,  3.932,  7.473,   110
16.433, -2.134,   none, 2D,  2.788,  3.850,  7.473,   110
16.514, -2.197,   none, 2D,  2.788,  3.769,  7.473,   110
16.652, -2.256,   none, 2D,  2.855,  3.681,  7.391,   110
16.733, -2.314,   none, 2D,  2.855,  3.600,  7.391,   110
16.847, -2.359,   none, 2D,  2.776,  3.518,  7.391,   110
16.928, -2.392,   none, 2D,  2.776,  3.437,  7.391,   110
17.009, -2.414,   none, 2D,  2.776,  3.356,  7.391,   110
17.091, -2.425,   none, 2D,  2.776,  3.274,  7.391,   110
17.172, -2.427,    Li4, 2D,  2.776,  3.193,  7.391,    43
17.250, -2.420,   none, 2D,  2.697,  3.193,  7.391,    43
17.329, -2.402,   none, 2D,  2.618,  3.193,  7.391,    43
17.408, -2.376,   none, 2D,  2.540,  3.193,  7.391,    43
17.486, -2.339,   none, 2D,  2.461,  3.193,  7.391,    43
17.565, -2.291,   none, 2D,  2.383,  3.193,  7.391,    43
17.678, -2.227,   none, 2D,  2.304,  3.112,  7.391,    43
17.808, -2.170,   none, 2D,  2.237,  3.037,  7.473,    43
17.921, -2.101,   none, 2D,  2.158,  2.955,  7.473,    43
18.050, -2.048,   none, 2D,  2.091,  2.881,  7.556,    43
18.164, -1.999,   none, 2D,  2.013,  2.799,  7.556,    43
18.293, -1.959,   none, 2D,  1.946,  2.724,  7.638,    43
18.372, -1.949,   none, 2D,  1.867,  2.724,  7.638,    43
18.485, -1.946, saddle, 2D,  1.788,  2.643,  7.638,    43
18.615, -1.948,   none, 2D,  1.721,  2.568,  7.720,    43
18.728, -1.976,   none, 2D,  1.643,  2.487,  7.720,    43
18.807, -2.001,   none, 2D,  1.564,  2.487,  7.720,    43
18.920, -2.019,   none, 2D,  1.485,  2.406,  7.720,    43
21.820, -1.958, Li_i11, 2D,  5.573,  4.846,  7.720,   263
21.898, -1.947,   none, 2D,  5.495,  4.846,  7.720,   263
22.011, -1.928,   none, 2D,  5.416,  4.927,  7.720,   263
22.090, -1.903,   none, 2D,  5.338,  4.927,  7.720,   263
22.203, -1.880, saddle, 2D,  5.259,  5.009,  7.720,   263
22.346, -1.890,   none, 2D,  5.169,  5.084,  7.638,   263
22.459, -1.909,   none, 2D,  5.091,  5.165,  7.638,   263
22.602, -1.954,   none, 2D,  5.001,  5.240,  7.556,   263
22.715, -2.016,   none, 2D,  4.923,  5.321,  7.556,   263
22.858, -2.091,   none, 2D,  4.833,  5.396,  7.473,   263
22.971, -2.171,   none, 2D,  4.754,  5.477,  7.473,   263
23.114, -2.248,   none, 2D,  4.664,  5.552,  7.391,   263
23.227, -2.316,   none, 2D,  4.586,  5.633,  7.391,   263
23.339, -2.361,   none, 2D,  4.507,  5.715,  7.391,   263
23.418, -2.393,   none, 2D,  4.429,  5.715,  7.391,   263
23.497, -2.414,   none, 2D,  4.350,  5.715,  7.391,   263
23.575, -2.426,   none, 2D,  4.272,  5.715,  7.391,   263
23.654, -2.427,    Li6, 2D,  4.193,  5.715,  7.391,   137
23.732, -2.419,   none, 2D,  4.115,  5.715,  7.391,   137
23.811, -2.401,   none, 2D,  4.036,  5.715,  7.391,   137
23.889, -2.373,   none, 2D,  3.958,  5.715,  7.391,   137
23.968, -2.333,   none, 2D,  3.879,  5.715,  7.391,   137
24.081, -2.278,   none, 2D,  3.800,  5.633,  7.391,   137
24.211, -2.212,   none, 2D,  3.733,  5.559,  7.473,   137
24.324, -2.141,   none, 2D,  3.655,  5.477,  7.473,   137
24.454, -2.064,   none, 2D,  3.588,  5.402,  7.556,   137
24.567, -2.004,   none, 2D,  3.509,  5.321,  7.556,   137
24.680, -1.936,   none, 2D,  3.430,  5.240,  7.556,   137
24.810, -1.907,   none, 2D,  3.363,  5.165,  7.638,   137
24.888, -1.890,   none, 2D,  3.285,  5.165,  7.638,   137
25.001, -1.878, saddle, 2D,  3.206,  5.084,  7.638,   137
25.131, -1.898,   none, 2D,  3.139,  5.009,  7.720,   137
25.244, -1.925,   none, 2D,  3.060,  4.927,  7.720,   137
25.323, -1.952,   none, 2D,  2.982,  4.927,  7.720,   137
25.436, -1.968,   none, 2D,  2.903,  4.846,  7.720,   137
30.319, -1.986, Li_i13, 2D,  2.754,  9.727,  7.720,   144
30.398, -1.984,   none, 2D,  2.833,  9.727,  7.720,   144
30.476, -1.969,   none, 2D,  2.911,  9.727,  7.720,   144
30.589, -1.945,   none, 2D,  2.990,  9.808,  7.720,   144
30.668, -1.911,   none, 2D,  3.068,  9.808,  7.720,   144
30.781, -1.878,   none, 2D,  3.147,  9.890,  7.720,   144
30.911, -1.876, saddle, 2D,  3.214,  9.964,  7.638,   144
31.024, -1.878,   none, 2D,  3.293, 10.046,  7.638,   144
31.154, -1.889,   none, 2D,  3.360, 10.120,  7.556,   144
31.267, -1.938,   none, 2D,  3.439, 10.202,  7.556,   144
31.345, -1.985,   none, 2D,  3.517, 10.202,  7.556,   144
31.475, -2.047,   none, 2D,  3.584, 10.277,  7.473,   144
31.588, -2.127,   none, 2D,  3.647,  0.596,  7.473,   144
31.718, -2.194,   none, 2D,  3.714,  0.671,  7.391,   144
31.831, -2.269,   none, 2D,  3.792,  0.752,  7.391,   144
31.944, -2.321,   none, 2D,  3.871,  0.834,  7.391,   144
32.023, -2.359,   none, 2D,  3.950,  0.834,  7.391,   144
32.129, -2.388,   none, 2D,  4.017,  0.827,  7.309,   144
32.208, -2.410,   none, 2D,  4.095,  0.827,  7.309,   144
32.286, -2.422,   none, 2D,  4.174,  0.827,  7.309,   144
32.365, -2.423,    Li7, 2D,  4.252,  0.827,  7.309,   193
32.446, -2.413,   none, 2D,  4.252,  0.909,  7.309,   193
32.527, -2.389,   none, 2D,  4.252,  0.990,  7.309,   193
32.665, -2.355,   none, 2D,  4.186,  1.078,  7.391,   193
32.746, -2.313,   none, 2D,  4.186,  1.159,  7.391,   193
32.828, -2.258,   none, 2D,  4.186,  1.241,  7.391,   193
32.949, -2.193,   none, 2D,  4.198,  1.328,  7.473,   193
33.030, -2.136,   none, 2D,  4.198,  1.410,  7.473,   193
33.111, -2.072,   none, 2D,  4.198,  1.491,  7.473,   193
33.232, -2.015,   none, 2D,  4.210,  1.579,  7.556,   193
33.313, -1.971,   none, 2D,  4.210,  1.660,  7.556,   193
33.395, -1.927,   none, 2D,  4.210,  1.742,  7.556,   193
33.516, -1.908,   none, 2D,  4.222,  1.830,  7.638,   193
33.597, -1.899,   none, 2D,  4.222,  1.911,  7.638,   193
33.678, -1.894, saddle, 2D,  4.222,  1.992,  7.638,   193
33.799, -1.910,   none, 2D,  4.234,  2.080,  7.720,   193
33.881, -1.932,   none, 2D,  4.234,  2.162,  7.720,   193
33.962, -1.952,   none, 2D,  4.234,  2.243,  7.720,   193
34.043, -1.966,   none, 2D,  4.234,  2.324,  7.720,   193
36.899, -1.958, Li_i11, 2D,  5.573,  4.846,  7.720,   263
36.977, -1.947,   none, 2D,  5.495,  4.846,  7.720,   263
37.090, -1.928,   none, 2D,  5.416,  4.927,  7.720,   263
37.169, -1.903,   none, 2D,  5.338,  4.927,  7.720,   263
37.282, -1.880, saddle, 2D,  5.259,  5.009,  7.720,   263
37.425, -1.890,   none, 2D,  5.169,  5.084,  7.638,   263
37.538, -1.909,   none, 2D,  5.091,  5.165,  7.638,   263
37.681, -1.954,   none, 2D,  5.001,  5.240,  7.556,   263
37.793, -2.016,   none, 2D,  4.923,  5.321,  7.556,   263
37.936, -2.091,   none, 2D,  4.833,  5.396,  7.473,   263
38.049, -2.171,   none, 2D,  4.754,  5.477,  7.473,   263
38.192, -2.248,   none, 2D,  4.664,  5.552,  7.391,   263
38.305, -2.316,   none, 2D,  4.586,  5.633,  7.391,   263
38.418, -2.361,   none, 2D,  4.507,  5.715,  7.391,   263
38.497, -2.393,   none, 2D,  4.429,  5.715,  7.391,   263
38.575, -2.414,   none, 2D,  4.350,  5.715,  7.391,   263
38.654, -2.426,   none, 2D,  4.272,  5.715,  7.391,   263
38.732, -2.427,    Li6, 2D,  4.193,  5.715,  7.391,   195
38.814, -2.420,   none, 2D,  4.193,  5.796,  7.391,   195
38.895, -2.404,   none, 2D,  4.194,  5.877,  7.391,   195
38.977, -2.378,   none, 2D,  4.194,  5.959,  7.391,   195
39.058, -2.342,   none, 2D,  4.194,  6.040,  7.391,   195
39.139, -2.296,   none, 2D,  4.194,  6.121,  7.391,   195
39.260, -2.241,   none, 2D,  4.206,  6.209,  7.473,   195
39.341, -2.193,   none, 2D,  4.206,  6.291,  7.473,   195
39.423, -2.138,   none, 2D,  4.206,  6.372,  7.473,   195
39.544, -2.082,   none, 2D,  4.218,  6.460,  7.556,   195
39.625, -2.045,   none, 2D,  4.218,  6.541,  7.556,   195
39.706, -2.008,   none, 2D,  4.218,  6.623,  7.556,   195
39.827, -1.975,   none, 2D,  4.230,  6.710,  7.638,   195
39.909, -1.969,   none, 2D,  4.230,  6.792,  7.638,   195
39.990, -1.965,   none, 2D,  4.230,  6.873,  7.638,   195
40.071, -1.963, saddle, 2D,  4.230,  6.955,  7.638,   195
40.192, -1.973,   none, 2D,  4.242,  7.042,  7.720,   195
40.273, -1.986,   none, 2D,  4.242,  7.124,  7.720,   195
42.004, -2.266, Li_i10, 3D,  2.851,  8.067,  7.309,   142
42.087, -2.252,   none, 3D,  2.839,  8.061,  7.227,   142
42.199, -2.207,   none, 3D,  2.827,  8.135,  7.145,   142
42.282, -2.130,   none, 3D,  2.816,  8.129,  7.063,   142
42.365, -2.021,   none, 3D,  2.804,  8.122,  6.981,   142
42.448, -1.877,   none, 3D,  2.793,  8.116,  6.899,   142
42.555, -1.700,   none, 3D,  2.860,  8.109,  6.816,   142
42.638, -1.489,   none, 3D,  2.848,  8.103,  6.734,   142
42.721, -1.242,   none, 3D,  2.836,  8.096,  6.652,   142
42.804, -0.962,   none, 3D,  2.825,  8.090,  6.570,   142
42.887, -0.650,   none, 3D,  2.813,  8.083,  6.488,   142
42.999, -0.312,   none, 3D,  2.802,  8.158,  6.406,   142
43.082,  0.037,   none, 3D,  2.790,  8.151,  6.324,   142
43.188,  0.391,   none, 3D,  2.857,  8.145,  6.242,   142
43.272,  0.743,   none, 3D,  2.846,  8.138,  6.159,   142
43.355,  1.092,   none, 3D,  2.834,  8.132,  6.077,   142
43.438,  1.436,   none, 3D,  2.822,  8.125,  5.995,   142
43.521,  1.772,   none, 3D,  2.811,  8.118,  5.913,   142
43.604,  2.103,   none, 3D,  2.799,  8.112,  5.831,   142
43.716,  2.467,   none, 3D,  2.788,  8.187,  5.749,   142
43.846,  2.975,   none, 3D,  2.855,  8.261,  5.667,   142
43.957,  3.655,   none, 3D,  2.843,  8.336,  5.585,   142
44.069,  4.502,   none, 3D,  2.832,  8.411,  5.502,   142
44.181,  5.484,   none, 3D,  2.820,  8.486,  5.420,   142
44.293,  6.546,   none, 3D,  2.809,  8.561,  5.338,   142
44.404,  7.612,   none, 3D,  2.797,  8.635,  5.256,   142
44.534,  8.593,   none, 3D,  2.865,  8.710,  5.174,   142
44.646,  9.392,   none, 3D,  2.853,  8.785,  5.092,   142
44.757,  9.934,   none, 3D,  2.842,  8.860,  5.010,   142
44.869, 10.161, saddle, 3D,  2.830,  8.935,  4.928,   142
44.981, 10.046,   none, 3D,  2.819,  9.009,  4.845,   142
45.092,  9.602,   none, 3D,  2.807,  9.084,  4.763,   142
45.204,  8.874,   none, 3D,  2.796,  9.159,  4.681,   142
45.316,  7.939,   none, 3D,  2.784,  9.234,  4.599,   142
45.445,  6.883,   none, 3D,  2.851,  9.309,  4.517,   142
45.557,  5.802,   none, 3D,  2.840,  9.383,  4.435,   142
45.669,  4.784,   none, 3D,  2.828,  9.458,  4.353,   142
45.780,  3.895,   none, 3D,  2.817,  9.533,  4.271,   142
45.892,  3.177,   none, 3D,  2.806,  9.608,  4.188,   142
46.022,  2.642,   none, 3D,  2.873,  9.683,  4.106,   142
46.133,  2.267,   none, 3D,  2.861,  9.757,  4.024,   142
46.217,  1.950,   none, 3D,  2.850,  9.751,  3.942,   142
46.300,  1.625,   none, 3D,  2.838,  9.744,  3.860,   142
46.383,  1.288,   none, 3D,  2.826,  9.738,  3.778,   142
46.466,  0.938,   none, 3D,  2.815,  9.731,  3.696,   142
46.549,  0.578,   none, 3D,  2.803,  9.725,  3.614,   142
46.661,  0.206,   none, 3D,  2.792,  9.799,  3.531,   142
46.767, -0.172,   none, 3D,  2.859,  9.793,  3.449,   142
46.850, -0.541,   none, 3D,  2.847,  9.786,  3.367,   142
46.934, -0.885,   none, 3D,  2.835,  9.780,  3.285,   142
47.017, -1.198,   none, 3D,  2.824,  9.773,  3.203,   142
47.100, -1.476,   none, 3D,  2.812,  9.767,  3.121,   142
47.183, -1.718,   none, 3D,  2.801,  9.760,  3.039,   142
47.266, -1.922,   none, 3D,  2.789,  9.753,  2.957,   142
47.350, -2.089,   none, 3D,  2.778,  9.747,  2.874,   142
47.456, -2.222,   none, 3D,  2.844,  9.740,  2.792,   142
47.539, -2.319,   none, 3D,  2.833,  9.734,  2.710,   142
47.651, -2.381,   none, 3D,  2.821,  9.809,  2.628,   142
49.327, -1.958, Li_i11, 3D,  1.402,  0.821,  2.135,   134
49.411, -1.913,   none, 3D,  1.390,  0.815,  2.053,   134
49.517, -1.801,   none, 3D,  1.457,  0.808,  1.971,   134
49.600, -1.633,   none, 3D,  1.446,  0.802,  1.889,   134
49.712, -1.416,   none, 3D,  1.434,  0.876,  1.807,   134
49.795, -1.158,   none, 3D,  1.423,  0.870,  1.725,   134
49.878, -0.862,   none, 3D,  1.411,  0.863,  1.643,   134
49.961, -0.533,   none, 3D,  1.400,  0.857,  1.560,   134
50.044, -0.175,   none, 3D,  1.388,  0.850,  1.478,   134
50.151,  0.190,   none, 3D,  1.455,  0.844,  1.396,   134
50.234,  0.558,   none, 3D,  1.443,  0.837,  1.314,   134
50.317,  0.927,   none, 3D,  1.432,  0.830,  1.232,   134
50.400,  1.294,   none, 3D,  1.420,  0.824,  1.150,   134
50.483,  1.653,   none, 3D,  1.408,  0.817,  1.068,   134
50.567,  2.004,   none, 3D,  1.397,  0.811,  0.986,   134
50.673,  2.330,   none, 3D,  1.464,  0.804,  0.903,   134
50.756,  2.649,   none, 3D,  1.452,  0.798,  0.821,   134
50.862,  3.065,   none, 3D,  1.519,  0.791,  0.739,   134
50.968,  3.602,   none, 3D,  1.586,  0.785,  0.657,   134
51.074,  4.265,   none, 3D,  1.653,  0.778,  0.575,   134
51.181,  5.061,   none, 3D,  1.720,  0.771,  0.493,   134
51.310,  6.073,   none, 3D,  1.787,  0.846,  0.411,   134
51.440,  7.260,   none, 3D,  1.854,  0.921,  0.329,   134
51.570,  8.461,   none, 3D,  1.921,  0.996,  0.246,   134
51.700,  9.498,   none, 3D,  1.988,  1.071,  0.164,   134
51.829, 10.200,   none, 3D,  2.055,  1.145,  0.082,   134
51.959, 10.442, saddle, 3D,  2.122,  1.220,  0.000,   134
52.089, 10.177,   none, 3D,  3.581,  2.081,  9.773,   134
52.219,  9.454,   none, 3D,  3.648,  2.156,  9.691,   134
52.348,  8.395,   none, 3D,  3.715,  2.231,  9.609,   134
52.478,  7.173,   none, 3D,  3.782,  2.306,  9.527,   134
52.608,  5.963,   none, 3D,  3.849,  2.381,  9.444,   134
52.738,  4.925,   none, 3D,  3.916,  2.455,  9.362,   134
52.844,  4.119,   none, 3D,  3.983,  2.449,  9.280,   134
52.950,  3.432,   none, 3D,  4.050,  2.442,  9.198,   134
53.056,  2.860,   none, 3D,  4.117,  2.436,  9.116,   134
53.162,  2.397,   none, 3D,  4.184,  2.429,  9.034,   134
53.268,  2.042,   none, 3D,  4.251,  2.423,  8.952,   134
53.352,  1.706,   none, 3D,  4.239,  2.416,  8.870,   134
53.435,  1.370,   none, 3D,  4.228,  2.409,  8.787,   134
53.518,  1.030,   none, 3D,  4.216,  2.403,  8.705,   134
53.601,  0.686,   none, 3D,  4.205,  2.396,  8.623,   134
53.707,  0.337,   none, 3D,  4.271,  2.390,  8.541,   134
53.791, -0.022,   none, 3D,  4.260,  2.383,  8.459,   134
53.874, -0.370,   none, 3D,  4.248,  2.377,  8.377,   134
53.985, -0.700,   none, 3D,  4.237,  2.452,  8.295,   134
54.069, -1.012,   none, 3D,  4.225,  2.445,  8.213,   134
54.152, -1.291,   none, 3D,  4.214,  2.438,  8.130,   134
54.235, -1.531,   none, 3D,  4.202,  2.432,  8.048,   134
54.318, -1.726,   none, 3D,  4.190,  2.425,  7.966,   134
54.401, -1.871,   none, 3D,  4.179,  2.419,  7.884,   134
54.508, -1.958,   none, 3D,  4.246,  2.412,  7.802,   134
58.868, -2.424,    Li2, 0D,  1.433,  5.708,  7.309,    84
58.947, -2.416,   none, 0D,  1.512,  5.708,  7.309,    84
59.026, -2.396,   none, 0D,  1.590,  5.708,  7.309,    84
59.104, -2.365,   none, 0D,  1.669,  5.708,  7.309,    84
59.226, -2.323,   none, 0D,  1.759,  5.715,  7.391,    84
59.339, -2.266,   none, 0D,  1.837,  5.633,  7.391,    84
59.452, -2.182,   none, 0D,  1.916,  5.552,  7.391,    84
59.595, -2.097,   none, 0D,  2.006,  5.477,  7.473,    84
59.708, -2.004,   none, 0D,  2.084,  5.396,  7.473,    84
59.851, -1.937,   none, 0D,  2.174,  5.321,  7.556,    84
59.964, -1.873,   none, 0D,  2.252,  5.240,  7.556,    84
60.107, -1.854,   none, 0D,  2.342,  5.165,  7.638,    84
60.220, -1.844, saddle, 0D,  2.421,  5.084,  7.638,    84
60.363, -1.869,   none, 0D,  2.511,  5.009,  7.720,    84
60.476, -1.904,   none, 0D,  2.589,  4.927,  7.720,    84
60.554, -1.938,   none, 0D,  2.668,  4.927,  7.720,    84
60.667, -1.962,   none, 0D,  2.746,  4.846,  7.720,    84
60.746, -1.973, Li_i14, 0D,  2.825,  4.846,  7.720,   136
60.824, -1.968,   none, 0D,  2.903,  4.846,  7.720,   136
60.938, -1.952,   none, 0D,  2.982,  4.927,  7.720,   136
61.016, -1.925,   none, 0D,  3.060,  4.927,  7.720,   136
61.129, -1.898,   none, 0D,  3.139,  5.009,  7.720,   136
61.259, -1.878, saddle, 0D,  3.206,  5.084,  7.638,   136
61.372, -1.890,   none, 0D,  3.285,  5.165,  7.638,   136
61.451, -1.907,   none, 0D,  3.363,  5.165,  7.638,   136
61.581, -1.936,   none, 0D,  3.430,  5.240,  7.556,   136
61.694, -2.004,   none, 0D,  3.509,  5.321,  7.556,   136
61.807, -2.064,   none, 0D,  3.588,  5.402,  7.556,   136
61.937, -2.141,   none, 0D,  3.655,  5.477,  7.473,   136
62.050, -2.212,   none, 0D,  3.733,  5.559,  7.473,   136
62.180, -2.278,   none, 0D,  3.800,  5.633,  7.391,   136
62.293, -2.333,   none, 0D,  3.879,  5.715,  7.391,   136
62.371, -2.373,   none, 0D,  3.958,  5.715,  7.391,   136
62.450, -2.401,   none, 0D,  4.036,  5.715,  7.391,   136
62.528, -2.419,   none, 0D,  4.115,  5.715,  7.391,   136
62.607, -2.427,    Li6, 0D,  4.193,  5.715,  7.391,   195
62.688, -2.420,   none, 0D,  4.193,  5.796,  7.391,   195
62.770, -2.404,   none, 0D,  4.194,  5.877,  7.391,   195
62.851, -2.378,   none, 0D,  4.194,  5.959,  7.391,   195
62.932, -2.342,   none, 0D,  4.194,  6.040,  7.391,   195
63.014, -2.296,   none, 0D,  4.194,  6.121,  7.391,   195
63.134, -2.241,   none, 0D,  4.206,  6.209,  7.473,   195
63.216, -2.193,   none, 0D,  4.206,  6.291,  7.473,   195
63.297, -2.138,   none, 0D,  4.206,  6.372,  7.473,   195
63.418, -2.082,   none, 0D,  4.218,  6.460,  7.556,   195
63.499, -2.045,   none, 0D,  4.218,  6.541,  7.556,   195
63.581, -2.008,   none, 0D,  4.218,  6.623,  7.556,   195
63.702, -1.975,   none, 0D,  4.230,  6.710,  7.638,   195
63.783, -1.969,   none, 0D,  4.230,  6.792,  7.638,   195
63.864, -1.965,   none, 0D,  4.230,  6.873,  7.638,   195
63.946, -1.963, saddle, 0D,  4.230,  6.955,  7.638,   195
64.066, -1.973,   none, 0D,  4.242,  7.042,  7.720,   195
64.148, -1.986,   none, 0D,  4.242,  7.124,  7.720,   195
64.229, -1.991, Li_i23, 0D,  4.242,  7.205,  7.720,   165
64.308, -1.986,   none, 0D,  4.164,  7.205,  7.720,   165
64.421, -1.965,   none, 0D,  4.085,  7.286,  7.720,   165
64.499, -1.933,   none, 0D,  4.007,  7.286,  7.720,   165
64.642, -1.904,   none, 0D,  3.917,  7.361,  7.638,   165
64.755, -1.889,   none, 0D,  3.838,  7.443,  7.638,   165
64.868, -1.875, saddle, 0D,  3.760,  7.524,  7.638,   165
65.011, -1.893,   none, 0D,  3.670,  7.599,  7.556,   165
65.124, -1.918,   none, 0D,  3.591,  7.680,  7.556,   165
65.267, -1.967,   none, 0D,  3.501,  7.755,  7.473,   165
65.380, -2.018,   none, 0D,  3.423,  7.836,  7.473,   165
65.523, -2.084,   none, 0D,  3.333,  7.911,  7.391,   165
65.636, -2.138,   none, 0D,  3.255,  7.992,  7.391,   165
65.779, -2.190,   none, 0D,  3.165,  8.067,  7.309,   165
65.892, -2.223,   none, 0D,  3.086,  8.148,  7.309,   165
66.005, -2.245,   none, 0D,  3.008,  8.067,  7.309,   165
66.084, -2.260,   none, 0D,  2.929,  8.067,  7.309,   165
66.162, -2.266, Li_i10, 0D,  2.851,  8.067,  7.309,    61
66.241, -2.264,   none, 0D,  2.772,  8.067,  7.309,    61
66.354, -2.256,   none, 0D,  2.694,  8.148,  7.309,    61
66.432, -2.240,   none, 0D,  2.615,  8.148,  7.309,    61
66.511, -2.217,   none, 0D,  2.537,  8.148,  7.309,    61
66.589, -2.186,   none, 0D,  2.458,  8.148,  7.309,    61
66.719, -2.150,   none, 0D,  2.391,  8.074,  7.391,    61
66.798, -2.108,   none, 0D,  2.312,  8.074,  7.391,    61
66.911, -2.051,   none, 0D,  2.234,  7.992,  7.391,    61
67.040, -2.004,   none, 0D,  2.167,  7.918,  7.473,    61
67.154, -1.952,   none, 0D,  2.088,  7.836,  7.473,    61
67.283, -1.920,   none, 0D,  2.021,  7.761,  7.556,    61
67.397, -1.894,   none, 0D,  1.942,  7.680,  7.556,    61
67.526, -1.881, saddle, 0D,  1.875,  7.605,  7.638,    61
67.639, -1.890,   none, 0D,  1.796,  7.524,  7.638,    61
67.753, -1.898,   none, 0D,  1.718,  7.443,  7.638,    61
67.882, -1.918,   none, 0D,  1.651,  7.368,  7.720,    61
67.961, -1.946,   none, 0D,  1.572,  7.368,  7.720,    61
68.074, -1.967,   none, 0D,  1.494,  7.286,  7.720,    61
68.153, -1.975,  Li_i6, 0D,  1.415,  7.286,  7.720,    31
68.234, -1.970,   none, 0D,  1.415,  7.205,  7.720,    31
68.315, -1.956,   none, 0D,  1.415,  7.124,  7.720,    31
68.397, -1.936,   none, 0D,  1.415,  7.042,  7.720,    31
68.518, -1.921,   none, 0D,  1.403,  6.955,  7.638,    31
68.599, -1.920, saddle, 0D,  1.403,  6.873,  7.638,    31
68.680, -1.923,   none, 0D,  1.403,  6.792,  7.638,    31
68.762, -1.928,   none, 0D,  1.402,  6.710,  7.638,    31
68.882, -1.964,   none, 0D,  1.391,  6.623,  7.556,    31
68.964, -2.002,   none, 0D,  1.391,  6.541,  7.556,    31
69.085, -2.042,   none, 0D,  1.379,  6.453,  7.473,    31
69.166, -2.105,   none, 0D,  1.379,  6.372,  7.473,    31
69.247, -2.162,   none, 0D,  1.379,  6.291,  7.473,    31
69.385, -2.218,   none, 0D,  1.445,  6.203,  7.391,    31
69.466, -2.279,   none, 0D,  1.445,  6.121,  7.391,    31
69.548, -2.328,   none, 0D,  1.445,  6.040,  7.391,    31
69.629, -2.367,   none, 0D,  1.445,  5.959,  7.391,    31
69.750, -2.396,   none, 0D,  1.433,  5.871,  7.309,    31
69.831, -2.416,   none, 0D,  1.433,  5.789,  7.309,    31
