r_coor, energy,   site, dn,      x,      y,      z, index
14.997, -2.002, Li_i20, 1D,  7.158,  1.459, 14.539,   630
15.078, -1.995,   none, 1D,  7.158,  1.540, 14.539,   630
15.234, -1.983,   none, 1D,  7.251,  1.621, 14.443,   630
15.315, -1.969,   none, 1D,  7.251,  1.702, 14.443,   630
15.435, -1.944,   none, 1D,  7.339,  1.783, 14.443,   630
15.516, -1.916,   none, 1D,  7.339,  1.864, 14.443,   630
15.671, -1.891,   none, 1D,  7.431,  1.946, 14.348,   630
15.753, -1.867,   none, 1D,  7.431,  2.027, 14.348,   630
15.908, -1.846,   none, 1D,  7.524,  2.108, 14.252,   630
16.028, -1.836, saddle, 1D,  7.612,  2.189, 14.252,   630
16.109, -1.841,   none, 1D,  7.612,  2.270, 14.252,   630
16.265, -1.861,   none, 1D,  7.704,  2.351, 14.156,   630
16.346, -1.892,   none, 1D,  7.704,  2.432, 14.156,   630
16.502, -1.934,   none, 1D,  7.797,  2.513, 14.061,   630
16.621, -1.985,   none, 1D,  7.885,  2.594, 14.061,   630
16.702, -2.039,   none, 1D,  7.885,  2.675, 14.061,   630
16.858, -2.082,   none, 1D,  7.978,  2.756, 13.965,   630
16.939, -2.120,   none, 1D,  7.978,  2.837, 13.965,   630
17.020, -2.133,    Li8, 1D,  7.978,  2.918, 13.965,   639
17.102, -2.120,   none, 1D,  7.978,  2.999, 13.965,   639
17.183, -2.082,   none, 1D,  7.978,  3.080, 13.965,   639
17.339, -2.039,   none, 1D,  7.885,  3.161, 14.061,   639
17.420, -1.985,   none, 1D,  7.885,  3.243, 14.061,   639
17.539, -1.934,   none, 1D,  7.797,  3.324, 14.061,   639
17.695, -1.892,   none, 1D,  7.704,  3.405, 14.156,   639
17.776, -1.861,   none, 1D,  7.704,  3.486, 14.156,   639
17.932, -1.841,   none, 1D,  7.612,  3.567, 14.252,   639
18.013, -1.836, saddle, 1D,  7.612,  3.648, 14.252,   639
18.132, -1.846,   none, 1D,  7.524,  3.729, 14.252,   639
18.288, -1.867,   none, 1D,  7.431,  3.810, 14.348,   639
18.369, -1.891,   none, 1D,  7.431,  3.891, 14.348,   639
18.525, -1.916,   none, 1D,  7.339,  3.972, 14.443,   639
18.606, -1.944,   none, 1D,  7.339,  4.053, 14.443,   639
18.726, -1.969,   none, 1D,  7.251,  4.134, 14.443,   639
18.807, -1.983,   none, 1D,  7.251,  4.215, 14.443,   639
18.963, -1.995,   none, 1D,  7.158,  4.296, 14.539,   639
19.044, -2.002, Li_i20, 1D,  7.158,  4.377, 14.539,   577
19.125, -1.996,   none, 1D,  7.158,  4.458, 14.539,   577
19.245, -1.981,   none, 1D,  7.070,  4.540, 14.539,   577
19.370, -1.969,   none, 1D,  7.066,  4.621, 14.635,   577
19.489, -1.945,   none, 1D,  6.978,  4.702, 14.635,   577
19.571, -1.918,   none, 1D,  6.978,  4.783, 14.635,   577
19.726, -1.891,   none, 1D,  6.885,  4.864, 14.730,   577
19.808, -1.869,   none, 1D,  6.885,  4.945, 14.730,   577
19.963, -1.844,   none, 1D,  6.792,  5.026, 14.826,   577
20.044, -1.838, saddle, 1D,  6.792,  5.107, 14.826,   577
20.164, -1.845,   none, 1D,  6.705,  5.188, 14.826,   577
20.320, -1.860,   none, 1D,  6.612,  5.269, 14.922,   577
20.401, -1.895,   none, 1D,  6.612,  5.350, 14.922,   577
20.520, -1.933,   none, 1D,  6.524,  5.431, 14.922,   577
20.676, -1.985,   none, 1D,  6.432,  5.512, 15.017,   577
20.757, -2.042,   none, 1D,  6.432,  5.593, 15.017,   577
20.877, -2.081,   none, 1D,  6.344,  5.674, 15.017,   577
21.002, -2.120,   none, 1D,  6.339,  5.755, 15.113,   577
21.083, -2.133,    Li7, 1D,  6.339,  0.000, 15.113,   574
21.164, -2.120,   none, 1D,  6.339,  0.081, 15.113,   574
21.290, -2.081,   none, 1D,  6.344,  0.162, 15.017,   574
21.409, -2.042,   none, 1D,  6.432,  0.243, 15.017,   574
21.491, -1.985,   none, 1D,  6.432,  0.324, 15.017,   574
21.646, -1.933,   none, 1D,  6.524,  0.405, 14.922,   574
21.766, -1.895,   none, 1D,  6.612,  0.486, 14.922,   574
21.847, -1.860,   none, 1D,  6.612,  0.567, 14.922,   574
22.003, -1.845,   none, 1D,  6.705,  0.649, 14.826,   574
22.122, -1.838, saddle, 1D,  6.792,  0.730, 14.826,   574
22.203, -1.844,   none, 1D,  6.792,  0.811, 14.826,   574
22.359, -1.869,   none, 1D,  6.885,  0.892, 14.730,   574
22.440, -1.891,   none, 1D,  6.885,  0.973, 14.730,   574
22.596, -1.918,   none, 1D,  6.978,  1.054, 14.635,   574
22.677, -1.945,   none, 1D,  6.978,  1.135, 14.635,   574
22.797, -1.969,   none, 1D,  7.066,  1.216, 14.635,   574
22.922, -1.981,   none, 1D,  7.070,  1.297, 14.539,   574
23.042, -1.996,   none, 1D,  7.158,  1.378, 14.539,   574
38.531, -1.784, Li_i16, 2D,  2.633,  4.377,  0.000,   232
38.687, -1.780,   none, 2D,  0.499,  4.458, 43.522,   232
38.806, -1.776,   none, 2D,  0.587,  4.540, 43.522,   232
38.887, -1.766,   none, 2D,  0.587,  4.621, 43.522,   232
39.043, -1.760,   none, 2D,  0.680,  4.702, 43.426,   232
39.163, -1.745,   none, 2D,  0.768,  4.783, 43.426,   232
39.319, -1.739,   none, 2D,  0.860,  4.864, 43.330,   232
39.400, -1.735, saddle, 2D,  0.860,  4.945, 43.330,   232
39.556, -1.737,   none, 2D,  0.953,  5.026, 43.235,   232
39.675, -1.746,   none, 2D,  1.041,  5.107, 43.235,   232
39.756, -1.765,   none, 2D,  1.041,  5.188, 43.235,   232
39.912, -1.804,   none, 2D,  1.133,  5.269, 43.139,   232
39.993, -1.843,   none, 2D,  1.133,  5.350, 43.139,   232
40.149, -1.897,   none, 2D,  1.226,  5.431, 43.043,   232
40.268, -1.956,   none, 2D,  1.314,  5.512, 43.043,   232
40.349, -2.013,   none, 2D,  1.314,  5.593, 43.043,   232
40.505, -2.061,   none, 2D,  1.407,  5.674, 42.948,   232
40.586, -2.100,   none, 2D,  1.407,  5.755, 42.948,   232
40.668, -2.113,   Li12, 2D,  1.407,  0.000, 42.948,   231
40.749, -2.100,   none, 2D,  1.407,  0.081, 42.948,   231
40.830, -2.061,   none, 2D,  1.407,  0.162, 42.948,   231
40.986, -2.013,   none, 2D,  1.314,  0.243, 43.043,   231
41.067, -1.956,   none, 2D,  1.314,  0.324, 43.043,   231
41.186, -1.897,   none, 2D,  1.226,  0.405, 43.043,   231
41.342, -1.843,   none, 2D,  1.133,  0.486, 43.139,   231
41.423, -1.804,   none, 2D,  1.133,  0.567, 43.139,   231
41.579, -1.765,   none, 2D,  1.041,  0.649, 43.235,   231
41.660, -1.746,   none, 2D,  1.041,  0.730, 43.235,   231
41.780, -1.737,   none, 2D,  0.953,  0.811, 43.235,   231
41.935, -1.735, saddle, 2D,  0.860,  0.892, 43.330,   231
42.017, -1.739,   none, 2D,  0.860,  0.973, 43.330,   231
42.172, -1.745,   none, 2D,  0.768,  1.054, 43.426,   231
42.292, -1.760,   none, 2D,  0.680,  1.135, 43.426,   231
42.448, -1.766,   none, 2D,  0.587,  1.216, 43.522,   231
42.529, -1.776,   none, 2D,  0.587,  1.297, 43.522,   231
42.648, -1.780,   none, 2D,  0.499,  1.378, 43.522,   231
42.804, -1.784, Li_i16, 2D,  2.633,  1.459,  0.000,   153
42.960, -1.779,   none, 2D,  2.541,  1.540,  0.096,   153
43.080, -1.776,   none, 2D,  2.453,  1.621,  0.096,   153
43.161, -1.766,   none, 2D,  2.453,  1.702,  0.096,   153
43.317, -1.759,   none, 2D,  2.360,  1.783,  0.191,   153
43.436, -1.745,   none, 2D,  2.273,  1.864,  0.191,   153
43.592, -1.737,   none, 2D,  2.180,  1.946,  0.287,   153
43.673, -1.734, saddle, 2D,  2.180,  2.027,  0.287,   153
43.829, -1.734,   none, 2D,  2.087,  2.108,  0.383,   153
43.948, -1.744,   none, 2D,  1.999,  2.189,  0.383,   153
44.030, -1.763,   none, 2D,  1.999,  2.270,  0.383,   153
44.185, -1.801,   none, 2D,  1.907,  2.351,  0.478,   153
44.267, -1.841,   none, 2D,  1.907,  2.432,  0.478,   153
44.422, -1.894,   none, 2D,  1.814,  2.513,  0.574,   153
44.542, -1.954,   none, 2D,  1.726,  2.594,  0.574,   153
44.623, -2.012,   none, 2D,  1.726,  2.675,  0.574,   153
44.779, -2.059,   none, 2D,  1.634,  2.756,  0.670,   153
44.860, -2.098,   none, 2D,  1.634,  2.837,  0.670,   153
44.941, -2.111,    Li5, 2D,  1.634,  2.918,  0.670,   164
45.022, -2.098,   none, 2D,  1.634,  2.999,  0.670,   164
45.103, -2.059,   none, 2D,  1.634,  3.080,  0.670,   164
45.259, -2.012,   none, 2D,  1.726,  3.161,  0.574,   164
45.340, -1.954,   none, 2D,  1.726,  3.243,  0.574,   164
45.460, -1.894,   none, 2D,  1.814,  3.324,  0.574,   164
45.616, -1.841,   none, 2D,  1.907,  3.405,  0.478,   164
45.697, -1.801,   none, 2D,  1.907,  3.486,  0.478,   164
45.852, -1.763,   none, 2D,  1.999,  3.567,  0.383,   164
45.934, -1.744,   none, 2D,  1.999,  3.648,  0.383,   164
46.053, -1.734,   none, 2D,  2.087,  3.729,  0.383,   164
46.209, -1.734, saddle, 2D,  2.180,  3.810,  0.287,   164
46.290, -1.737,   none, 2D,  2.180,  3.891,  0.287,   164
46.446, -1.745,   none, 2D,  2.273,  3.972,  0.191,   164
46.565, -1.759,   none, 2D,  2.360,  4.053,  0.191,   164
46.721, -1.766,   none, 2D,  2.453,  4.134,  0.096,   164
46.802, -1.776,   none, 2D,  2.453,  4.215,  0.096,   164
46.922, -1.779,   none, 2D,  2.541,  4.296,  0.096,   164
52.824, -1.784, Li_i16, 2D,  7.900,  1.459,  0.000,   626
52.980, -1.780,   none, 2D,  5.766,  1.540, 43.522,   626
53.099, -1.776,   none, 2D,  5.854,  1.621, 43.522,   626
53.180, -1.766,   none, 2D,  5.854,  1.702, 43.522,   626
53.336, -1.760,   none, 2D,  5.947,  1.783, 43.426,   626
53.456, -1.745,   none, 2D,  6.035,  1.864, 43.426,   626
53.611, -1.739,   none, 2D,  6.127,  1.946, 43.330,   626
53.693, -1.735, saddle, 2D,  6.127,  2.027, 43.330,   626
53.848, -1.737,   none, 2D,  6.220,  2.108, 43.235,   626
53.968, -1.746,   none, 2D,  6.308,  2.189, 43.235,   626
54.049, -1.765,   none, 2D,  6.308,  2.270, 43.235,   626
54.205, -1.804,   none, 2D,  6.400,  2.351, 43.139,   626
54.286, -1.843,   none, 2D,  6.400,  2.432, 43.139,   626
54.442, -1.897,   none, 2D,  6.493,  2.513, 43.043,   626
54.561, -1.956,   none, 2D,  6.581,  2.594, 43.043,   626
54.642, -2.013,   none, 2D,  6.581,  2.675, 43.043,   626
54.798, -2.061,   none, 2D,  6.673,  2.756, 42.948,   626
54.879, -2.100,   none, 2D,  6.673,  2.837, 42.948,   626
54.960, -2.113,   Li12, 2D,  6.673,  2.918, 42.948,   748
55.048, -2.102,   none, 2D,  6.761,  2.918, 42.948,   748
55.175, -2.069,   none, 2D,  6.844,  2.918, 43.043,   748
55.263, -2.030,   none, 2D,  6.932,  2.918, 43.043,   748
55.350, -1.981,   none, 2D,  7.020,  2.918, 43.043,   748
55.477, -1.938,   none, 2D,  7.103,  2.918, 43.139,   748
55.565, -1.898,   none, 2D,  7.190,  2.918, 43.139,   748
55.691, -1.865,   none, 2D,  7.273,  2.918, 43.235,   748
55.779, -1.849,   none, 2D,  7.361,  2.918, 43.235,   748
55.867, -1.832, saddle, 2D,  7.449,  2.918, 43.235,   748
55.993, -1.841,   none, 2D,  7.532,  2.918, 43.330,   748
56.081, -1.848,   none, 2D,  7.620,  2.918, 43.330,   748
56.208, -1.866,   none, 2D,  7.702,  2.918, 43.426,   748
56.296, -1.889,   none, 2D,  7.790,  2.918, 43.426,   748
56.383, -1.906,   none, 2D,  7.878,  2.918, 43.426,   748
56.510, -1.932,   none, 2D,  7.961,  2.918, 43.522,   748
56.598, -1.950,   none, 2D,  8.049,  2.918, 43.522,   748
56.686, -1.961,   none, 2D,  8.136,  2.918, 43.522,   748
56.812, -1.972,   none, 2D, 10.446,  2.918,  0.000,   748
56.900, -1.976, Li_i24, 2D,  0.000,  2.918,  0.000,    72
56.988, -1.972,   none, 2D,  0.088,  2.918,  0.000,    72
57.114, -1.960,   none, 2D,  0.171,  2.918,  0.096,    72
57.202, -1.949,   none, 2D,  0.258,  2.918,  0.096,    72
57.290, -1.931,   none, 2D,  0.346,  2.918,  0.096,    72
57.378, -1.904,   none, 2D,  0.434,  2.918,  0.096,    72
57.504, -1.886,   none, 2D,  0.517,  2.918,  0.191,    72
57.592, -1.864,   none, 2D,  0.605,  2.918,  0.191,    72
57.719, -1.845,   none, 2D,  0.688,  2.918,  0.287,    72
57.806, -1.839,   none, 2D,  0.775,  2.918,  0.287,    72
57.894, -1.830, saddle, 2D,  0.863,  2.918,  0.287,    72
58.021, -1.846,   none, 2D,  0.946,  2.918,  0.383,    72
58.108, -1.863,   none, 2D,  1.034,  2.918,  0.383,    72
58.235, -1.896,   none, 2D,  1.117,  2.918,  0.478,    72
58.323, -1.936,   none, 2D,  1.205,  2.918,  0.478,    72
58.449, -1.979,   none, 2D,  1.287,  2.918,  0.574,    72
58.537, -2.029,   none, 2D,  1.375,  2.918,  0.574,    72
58.625, -2.068,   none, 2D,  1.463,  2.918,  0.574,    72
58.752, -2.100,   none, 2D,  1.546,  2.918,  0.670,    72
58.839, -2.111,    Li5, 2D,  1.634,  2.918,  0.670,   152
58.920, -2.098,   none, 2D,  1.634,  2.837,  0.670,   152
59.001, -2.059,   none, 2D,  1.634,  2.756,  0.670,   152
59.157, -2.012,   none, 2D,  1.726,  2.675,  0.574,   152
59.238, -1.954,   none, 2D,  1.726,  2.594,  0.574,   152
59.358, -1.894,   none, 2D,  1.814,  2.513,  0.574,   152
59.514, -1.841,   none, 2D,  1.907,  2.432,  0.478,   152
59.595, -1.801,   none, 2D,  1.907,  2.351,  0.478,   152
59.751, -1.763,   none, 2D,  1.999,  2.270,  0.383,   152
59.832, -1.744,   none, 2D,  1.999,  2.189,  0.383,   152
59.951, -1.734,   none, 2D,  2.087,  2.108,  0.383,   152
60.107, -1.734, saddle, 2D,  2.180,  2.027,  0.287,   152
60.188, -1.737,   none, 2D,  2.180,  1.946,  0.287,   152
60.344, -1.745,   none, 2D,  2.273,  1.864,  0.191,   152
60.464, -1.759,   none, 2D,  2.360,  1.783,  0.191,   152
60.620, -1.766,   none, 2D,  2.453,  1.702,  0.096,   152
60.701, -1.776,   none, 2D,  2.453,  1.621,  0.096,   152
60.820, -1.779,   none, 2D,  2.541,  1.540,  0.096,   152
60.976, -1.784, Li_i16, 2D,  2.633,  1.459,  0.000,   230
61.132, -1.780,   none, 2D,  0.499,  1.378, 43.522,   230
61.251, -1.776,   none, 2D,  0.587,  1.297, 43.522,   230
61.333, -1.766,   none, 2D,  0.587,  1.216, 43.522,   230
61.488, -1.760,   none, 2D,  0.680,  1.135, 43.426,   230
61.608, -1.745,   none, 2D,  0.768,  1.054, 43.426,   230
61.764, -1.739,   none, 2D,  0.860,  0.973, 43.330,   230
61.845, -1.735, saddle, 2D,  0.860,  0.892, 43.330,   230
62.001, -1.737,   none, 2D,  0.953,  0.811, 43.235,   230
62.120, -1.746,   none, 2D,  1.041,  0.730, 43.235,   230
62.201, -1.765,   none, 2D,  1.041,  0.649, 43.235,   230
62.357, -1.804,   none, 2D,  1.133,  0.567, 43.139,   230
62.438, -1.843,   none, 2D,  1.133,  0.486, 43.139,   230
62.594, -1.897,   none, 2D,  1.226,  0.405, 43.043,   230
62.714, -1.956,   none, 2D,  1.314,  0.324, 43.043,   230
62.795, -2.013,   none, 2D,  1.314,  0.243, 43.043,   230
62.951, -2.061,   none, 2D,  1.407,  0.162, 42.948,   230
63.032, -2.100,   none, 2D,  1.407,  0.081, 42.948,   230
63.113, -2.113,   Li12, 2D,  1.407,  0.000, 42.948,   336
63.201, -2.102,   none, 2D,  1.494,  0.000, 42.948,   336
63.327, -2.069,   none, 2D,  1.577,  0.000, 43.043,   336
63.415, -2.030,   none, 2D,  1.665,  0.000, 43.043,   336
63.503, -1.981,   none, 2D,  1.753,  0.000, 43.043,   336
63.629, -1.938,   none, 2D,  1.836,  0.000, 43.139,   336
63.717, -1.898,   none, 2D,  1.923,  0.000, 43.139,   336
63.844, -1.865,   none, 2D,  2.006,  0.000, 43.235,   336
63.931, -1.849,   none, 2D,  2.094,  0.000, 43.235,   336
64.019, -1.832, saddle, 2D,  2.182,  0.000, 43.235,   336
64.146, -1.841,   none, 2D,  2.265,  0.000, 43.330,   336
64.234, -1.848,   none, 2D,  2.353,  0.000, 43.330,   336
64.360, -1.866,   none, 2D,  2.435,  0.000, 43.426,   336
64.448, -1.889,   none, 2D,  2.523,  0.000, 43.426,   336
64.536, -1.906,   none, 2D,  2.611,  0.000, 43.426,   336
64.662, -1.932,   none, 2D,  2.694,  0.000, 43.522,   336
64.750, -1.950,   none, 2D,  2.782,  0.000, 43.522,   336
64.838, -1.961,   none, 2D,  2.870,  0.000, 43.522,   336
64.964, -1.972,   none, 2D,  5.179,  0.000,  0.000,   336
65.052, -1.976, Li_i24, 2D,  5.267,  0.000,  0.000,   466
65.140, -1.972,   none, 2D,  5.355,  0.000,  0.000,   466
65.267, -1.960,   none, 2D,  5.438,  0.000,  0.096,   466
65.354, -1.949,   none, 2D,  5.525,  0.000,  0.096,   466
65.442, -1.931,   none, 2D,  5.613,  0.000,  0.096,   466
65.530, -1.904,   none, 2D,  5.701,  0.000,  0.096,   466
65.657, -1.886,   none, 2D,  5.784,  0.000,  0.191,   466
65.744, -1.864,   none, 2D,  5.872,  0.000,  0.191,   466
65.871, -1.845,   none, 2D,  5.955,  0.000,  0.287,   466
65.959, -1.839,   none, 2D,  6.042,  0.000,  0.287,   466
66.046, -1.830, saddle, 2D,  6.130,  0.000,  0.287,   466
66.173, -1.846,   none, 2D,  6.213,  0.000,  0.383,   466
66.261, -1.863,   none, 2D,  6.301,  0.000,  0.383,   466
66.387, -1.896,   none, 2D,  6.384,  0.000,  0.478,   466
66.475, -1.936,   none, 2D,  6.471,  0.000,  0.478,   466
66.602, -1.979,   none, 2D,  6.554,  0.000,  0.574,   466
66.690, -2.029,   none, 2D,  6.642,  0.000,  0.574,   466
66.777, -2.068,   none, 2D,  6.730,  0.000,  0.574,   466
66.904, -2.100,   none, 2D,  6.813,  0.000,  0.670,   466
66.992, -2.111,    Li5, 2D,  6.901,  0.000,  0.670,   560
67.073, -2.098,   none, 2D,  6.901,  0.081,  0.670,   560
67.154, -2.059,   none, 2D,  6.901,  0.162,  0.670,   560
67.310, -2.012,   none, 2D,  6.993,  0.243,  0.574,   560
67.391, -1.954,   none, 2D,  6.993,  0.324,  0.574,   560
67.510, -1.894,   none, 2D,  7.081,  0.405,  0.574,   560
67.666, -1.841,   none, 2D,  7.174,  0.486,  0.478,   560
67.747, -1.801,   none, 2D,  7.174,  0.567,  0.478,   560
67.903, -1.763,   none, 2D,  7.266,  0.649,  0.383,   560
67.984, -1.744,   none, 2D,  7.266,  0.730,  0.383,   560
68.104, -1.734,   none, 2D,  7.354,  0.811,  0.383,   560
68.260, -1.734, saddle, 2D,  7.447,  0.892,  0.287,   560
68.341, -1.737,   none, 2D,  7.447,  0.973,  0.287,   560
68.497, -1.745,   none, 2D,  7.540,  1.054,  0.191,   560
68.616, -1.759,   none, 2D,  7.627,  1.135,  0.191,   560
68.772, -1.766,   none, 2D,  7.720,  1.216,  0.096,   560
68.853, -1.776,   none, 2D,  7.720,  1.297,  0.096,   560
68.973, -1.779,   none, 2D,  7.808,  1.378,  0.096,   560
83.813, -2.133,    Li8, 3D,  2.711,  0.000, 13.965,   330
83.901, -2.118,   none, 3D,  2.798,  0.000, 13.965,   330
83.989, -2.078,   none, 3D,  2.886,  0.000, 13.965,   330
84.115, -2.032,   none, 3D,  2.969,  0.000, 14.061,   330
84.203, -1.975,   none, 3D,  3.057,  0.000, 14.061,   330
84.330, -1.912,   none, 3D,  3.140,  0.000, 14.156,   330
84.417, -1.866,   none, 3D,  3.227,  0.000, 14.156,   330
84.505, -1.817,   none, 3D,  3.315,  0.000, 14.156,   330
84.632, -1.781,   none, 3D,  3.398,  0.000, 14.252,   330
84.720, -1.758,   none, 3D,  3.486,  0.000, 14.252,   330
84.807, -1.735,   none, 3D,  3.574,  0.000, 14.252,   330
84.934, -1.734, saddle, 3D,  3.657,  0.000, 14.348,   330
85.022, -1.734,   none, 3D,  3.744,  0.000, 14.348,   330
85.110, -1.734,   none, 3D,  3.832,  0.000, 14.348,   330
85.236, -1.747,   none, 3D,  3.915,  0.000, 14.443,   330
85.324, -1.758,   none, 3D,  4.003,  0.000, 14.443,   330
85.412, -1.767,   none, 3D,  4.091,  0.000, 14.443,   330
85.499, -1.773,   none, 3D,  4.178,  0.000, 14.443,   330
85.626, -1.781,   none, 3D,  4.261,  0.000, 14.539,   330
85.714, -1.788,   none, 3D,  4.349,  0.000, 14.539,   330
85.802, -1.792,   none, 3D,  4.437,  0.000, 14.539,   330
90.316, -2.140,   Li11, 3D,  3.077,  0.000, 10.235,   268
90.412, -2.121,   none, 3D,  3.072,  0.000, 10.330,   268
90.507, -2.080,   none, 3D,  3.067,  0.000, 10.426,   268
90.603, -2.026,   none, 3D,  3.062,  0.000, 10.522,   268
90.699, -1.969,   none, 3D,  3.057,  0.000, 10.617,   268
90.795, -1.912,   none, 3D,  3.052,  0.000, 10.713,   268
90.890, -1.861,   none, 3D,  3.047,  0.000, 10.809,   268
90.986, -1.819,   none, 3D,  3.042,  0.000, 10.904,   268
91.082, -1.786,   none, 3D,  3.038,  0.000, 11.000,   268
91.178, -1.764,   none, 3D,  3.033,  0.000, 11.096,   268
91.274, -1.752,   none, 3D,  3.028,  0.000, 11.191,   268
91.369, -1.748, saddle, 3D,  3.023,  0.000, 11.287,   268
91.465, -1.751,   none, 3D,  3.018,  0.000, 11.383,   268
91.561, -1.759,   none, 3D,  3.013,  0.000, 11.478,   268
91.657, -1.768,   none, 3D,  3.008,  0.000, 11.574,   268
91.752, -1.778,   none, 3D,  3.003,  0.000, 11.670,   268
91.848, -1.786,   none, 3D,  2.998,  0.000, 11.765,   268
91.944, -1.792,   none, 3D,  2.994,  0.000, 11.861,   268
92.077, -1.796,   none, 3D,  2.901,  0.000, 11.956,   268
92.173, -1.801,   none, 3D,  2.896,  0.000, 12.052,   268
99.711, -2.109,    Li3, 3D,  5.076,  2.918,  5.452,   408
99.807, -2.090,   none, 3D,  5.072,  2.918,  5.548,   408
99.903, -2.048,   none, 3D,  5.067,  2.918,  5.643,   408
99.999, -1.994,   none, 3D,  5.062,  2.918,  5.739,   408
100.095, -1.936,   none, 3D,  5.057,  2.918,  5.835,   408
100.190, -1.880,   none, 3D,  5.052,  2.918,  5.930,   408
100.286, -1.830,   none, 3D,  5.047,  2.918,  6.026,   408
100.382, -1.788,   none, 3D,  5.042,  2.918,  6.122,   408
100.509, -1.757,   none, 3D,  5.125,  2.918,  6.217,   408
100.604, -1.738,   none, 3D,  5.120,  2.918,  6.313,   408
100.700, -1.726,   none, 3D,  5.115,  2.918,  6.409,   408
100.833, -1.721, saddle, 3D,  5.023,  2.918,  6.504,   408
100.929, -1.722,   none, 3D,  5.018,  2.918,  6.600,   408
101.025, -1.728,   none, 3D,  5.013,  2.918,  6.696,   408
101.121, -1.736,   none, 3D,  5.008,  2.918,  6.791,   408
101.216, -1.744,   none, 3D,  5.003,  2.918,  6.887,   408
101.312, -1.751,   none, 3D,  4.998,  2.918,  6.983,   408
101.408, -1.756,   none, 3D,  4.993,  2.918,  7.078,   408
101.541, -1.764,   none, 3D,  4.901,  2.918,  7.174,   408
101.637, -1.769,   none, 3D,  4.896,  2.918,  7.270,   408
104.611, -2.012, Li_i25, 3D,  3.896,  4.377,  9.661,   317
104.692, -2.005,   none, 3D,  3.896,  4.458,  9.661,   317
104.848, -1.998,   none, 3D,  3.803,  4.540,  9.757,   317
104.929, -1.984,   none, 3D,  3.803,  4.621,  9.757,   317
105.049, -1.960,   none, 3D,  3.715,  4.702,  9.757,   317
105.174, -1.933,   none, 3D,  3.711,  4.783,  9.852,   317
105.294, -1.911,   none, 3D,  3.623,  4.864,  9.852,   317
105.375, -1.887,   none, 3D,  3.623,  4.945,  9.852,   317
105.531, -1.868,   none, 3D,  3.530,  5.026,  9.948,   317
105.612, -1.859, saddle, 3D,  3.530,  5.107,  9.948,   317
105.731, -1.861,   none, 3D,  3.442,  5.188,  9.948,   317
105.887, -1.881,   none, 3D,  3.350,  5.269, 10.043,   317
105.968, -1.910,   none, 3D,  3.350,  5.350, 10.043,   317
106.124, -1.950,   none, 3D,  3.257,  5.431, 10.139,   317
106.244, -1.998,   none, 3D,  3.169,  5.512, 10.139,   317
106.325, -2.050,   none, 3D,  3.169,  5.593, 10.139,   317
106.481, -2.090,   none, 3D,  3.077,  5.674, 10.235,   317
106.562, -2.128,   none, 3D,  3.077,  5.755, 10.235,   317
112.634, -1.828, Li_i45, 0D,  3.438,  2.918,  4.878,   340
112.722, -1.820,   none, 0D,  3.526,  2.918,  4.878,   340
112.848, -1.806,   none, 0D,  3.609,  2.918,  4.974,   340
112.936, -1.794,   none, 0D,  3.696,  2.918,  4.974,   340
113.024, -1.774,   none, 0D,  3.784,  2.918,  4.974,   340
113.150, -1.751,   none, 0D,  3.867,  2.918,  5.070,   340
113.238, -1.736,   none, 0D,  3.955,  2.918,  5.070,   340
113.326, -1.716,   none, 0D,  4.043,  2.918,  5.070,   340
113.453, -1.707, saddle, 0D,  4.125,  2.918,  5.165,   340
113.540, -1.711,   none, 0D,  4.213,  2.918,  5.165,   340
113.628, -1.717,   none, 0D,  4.301,  2.918,  5.165,   340
113.755, -1.744,   none, 0D,  4.384,  2.918,  5.261,   340
113.843, -1.783,   none, 0D,  4.472,  2.918,  5.261,   340
113.930, -1.823,   none, 0D,  4.559,  2.918,  5.261,   340
114.057, -1.883,   none, 0D,  4.642,  2.918,  5.357,   340
114.145, -1.944,   none, 0D,  4.730,  2.918,  5.357,   340
114.232, -1.999,   none, 0D,  4.818,  2.918,  5.357,   340
114.359, -2.053,   none, 0D,  4.901,  2.918,  5.452,   340
114.447, -2.093,   none, 0D,  4.989,  2.918,  5.452,   340
114.535, -2.109,    Li3, 0D,  5.076,  2.918,  5.452,   428
114.616, -2.094,   none, 0D,  5.076,  2.837,  5.452,   428
114.697, -2.050,   none, 0D,  5.076,  2.756,  5.452,   428
114.853, -2.000,   none, 0D,  5.169,  2.675,  5.357,   428
114.934, -1.936,   none, 0D,  5.169,  2.594,  5.357,   428
115.053, -1.875,   none, 0D,  5.257,  2.513,  5.357,   428
115.209, -1.827,   none, 0D,  5.350,  2.432,  5.261,   428
115.290, -1.783,   none, 0D,  5.350,  2.351,  5.261,   428
115.446, -1.763,   none, 0D,  5.442,  2.270,  5.165,   428
115.527, -1.745, saddle, 0D,  5.442,  2.189,  5.165,   428
115.683, -1.753,   none, 0D,  5.535,  2.108,  5.070,   428
115.802, -1.762,   none, 0D,  5.623,  2.027,  5.070,   428
115.928, -1.779,   none, 0D,  5.628,  1.946,  4.974,   428
116.047, -1.805,   none, 0D,  5.715,  1.864,  4.974,   428
116.129, -1.824,   none, 0D,  5.715,  1.783,  4.974,   428
116.284, -1.843,   none, 0D,  5.808,  1.702,  4.878,   428
116.365, -1.858,   none, 0D,  5.808,  1.621,  4.878,   428
116.485, -1.864,   none, 0D,  5.896,  1.540,  4.878,   428
116.610, -1.866,   none, 0D,  5.901,  1.459,  4.783,   428
116.730, -1.867, Li_i12, 0D,  5.988,  1.378,  4.783,   502
116.811, -1.859,   none, 0D,  5.988,  1.297,  4.783,   502
116.967, -1.848,   none, 0D,  6.081,  1.216,  4.687,   502
117.086, -1.836,   none, 0D,  6.169,  1.135,  4.687,   502
117.167, -1.822,   none, 0D,  6.169,  1.054,  4.687,   502
117.323, -1.814,   none, 0D,  6.262,  0.973,  4.591,   502
117.443, -1.805,   none, 0D,  6.349,  0.892,  4.591,   502
117.568, -1.803, saddle, 0D,  6.354,  0.811,  4.496,   502
117.688, -1.816,   none, 0D,  6.442,  0.730,  4.496,   502
117.769, -1.824,   none, 0D,  6.442,  0.649,  4.496,   502
117.925, -1.853,   none, 0D,  6.535,  0.567,  4.400,   502
118.044, -1.885,   none, 0D,  6.622,  0.486,  4.400,   502
118.125, -1.918,   none, 0D,  6.622,  0.405,  4.400,   502
118.281, -1.963,   none, 0D,  6.715,  0.324,  4.304,   502
118.362, -2.002,   none, 0D,  6.715,  0.243,  4.304,   502
118.482, -2.035,   none, 0D,  6.803,  0.162,  4.304,   502
118.607, -2.062,   none, 0D,  6.808,  0.081,  4.209,   502
118.688, -2.071,  Li_i5, 0D,  6.808,  0.000,  4.209,   539
118.784, -2.056,   none, 0D,  6.813,  0.000,  4.113,   539
118.880, -2.028,   none, 0D,  6.818,  0.000,  4.017,   539
118.976, -1.993,   none, 0D,  6.822,  0.000,  3.922,   539
119.071, -1.956,   none, 0D,  6.827,  0.000,  3.826,   539
119.167, -1.921,   none, 0D,  6.832,  0.000,  3.730,   539
119.263, -1.890,   none, 0D,  6.837,  0.000,  3.635,   539
119.359, -1.865,   none, 0D,  6.842,  0.000,  3.539,   539
119.455, -1.848,   none, 0D,  6.847,  0.000,  3.443,   539
119.550, -1.839,   none, 0D,  6.852,  0.000,  3.348,   539
119.646, -1.837, saddle, 0D,  6.857,  0.000,  3.252,   539
119.742, -1.841,   none, 0D,  6.861,  0.000,  3.157,   539
119.838, -1.850,   none, 0D,  6.866,  0.000,  3.061,   539
119.933, -1.862,   none, 0D,  6.871,  0.000,  2.965,   539
120.029, -1.876,   none, 0D,  6.876,  0.000,  2.870,   539
120.125, -1.888,   none, 0D,  6.881,  0.000,  2.774,   539
120.221, -1.899,   none, 0D,  6.886,  0.000,  2.678,   539
120.317, -1.906,   none, 0D,  6.891,  0.000,  2.583,   539
120.412, -1.908, Li_i34, 0D,  6.896,  0.000,  2.487,   533
120.508, -1.906,   none, 0D,  6.901,  0.000,  2.391,   533
120.604, -1.898,   none, 0D,  6.905,  0.000,  2.296,   533
120.700, -1.885,   none, 0D,  6.910,  0.000,  2.200,   533
120.795, -1.868,   none, 0D,  6.915,  0.000,  2.104,   533
120.891, -1.847,   none, 0D,  6.920,  0.000,  2.009,   533
120.987, -1.825,   none, 0D,  6.925,  0.000,  1.913,   533
121.114, -1.804,   none, 0D,  6.842,  0.000,  1.817,   533
121.209, -1.789,   none, 0D,  6.847,  0.000,  1.722,   533
121.305, -1.780, saddle, 0D,  6.852,  0.000,  1.626,   533
121.401, -1.781,   none, 0D,  6.857,  0.000,  1.530,   533
121.497, -1.792,   none, 0D,  6.862,  0.000,  1.435,   533
121.592, -1.816,   none, 0D,  6.866,  0.000,  1.339,   533
121.688, -1.851,   none, 0D,  6.871,  0.000,  1.243,   533
121.784, -1.896,   none, 0D,  6.876,  0.000,  1.148,   533
121.880, -1.947,   none, 0D,  6.881,  0.000,  1.052,   533
121.976, -2.001,   none, 0D,  6.886,  0.000,  0.957,   533
122.071, -2.052,   none, 0D,  6.891,  0.000,  0.861,   533
122.167, -2.092,   none, 0D,  6.896,  0.000,  0.765,   533
122.263, -2.111,    Li5, 0D,  6.901,  0.000,  0.670,   467
122.351, -2.100,   none, 0D,  6.813,  0.000,  0.670,   467
122.477, -2.068,   none, 0D,  6.730,  0.000,  0.574,   467
122.565, -2.029,   none, 0D,  6.642,  0.000,  0.574,   467
122.653, -1.979,   none, 0D,  6.554,  0.000,  0.574,   467
122.779, -1.936,   none, 0D,  6.471,  0.000,  0.478,   467
122.867, -1.896,   none, 0D,  6.384,  0.000,  0.478,   467
122.994, -1.863,   none, 0D,  6.301,  0.000,  0.383,   467
123.082, -1.846,   none, 0D,  6.213,  0.000,  0.383,   467
123.208, -1.830, saddle, 0D,  6.130,  0.000,  0.287,   467
123.296, -1.839,   none, 0D,  6.042,  0.000,  0.287,   467
123.384, -1.845,   none, 0D,  5.955,  0.000,  0.287,   467
123.510, -1.864,   none, 0D,  5.872,  0.000,  0.191,   467
123.598, -1.886,   none, 0D,  5.784,  0.000,  0.191,   467
123.725, -1.904,   none, 0D,  5.701,  0.000,  0.096,   467
123.812, -1.931,   none, 0D,  5.613,  0.000,  0.096,   467
123.900, -1.949,   none, 0D,  5.525,  0.000,  0.096,   467
123.988, -1.960,   none, 0D,  5.438,  0.000,  0.096,   467
124.115, -1.972,   none, 0D,  5.355,  0.000,  0.000,   467
124.202, -1.976, Li_i24, 0D,  5.267,  0.000,  0.000,   337
124.290, -1.972,   none, 0D,  5.179,  0.000,  0.000,   337
124.417, -1.961,   none, 0D,  2.870,  0.000, 43.522,   337
124.504, -1.950,   none, 0D,  2.782,  0.000, 43.522,   337
124.592, -1.932,   none, 0D,  2.694,  0.000, 43.522,   337
124.719, -1.906,   none, 0D,  2.611,  0.000, 43.426,   337
124.807, -1.889,   none, 0D,  2.523,  0.000, 43.426,   337
124.894, -1.866,   none, 0D,  2.435,  0.000, 43.426,   337
125.021, -1.848,   none, 0D,  2.353,  0.000, 43.330,   337
125.109, -1.841,   none, 0D,  2.265,  0.000, 43.330,   337
125.235, -1.832, saddle, 0D,  2.182,  0.000, 43.235,   337
125.323, -1.849,   none, 0D,  2.094,  0.000, 43.235,   337
125.411, -1.865,   none, 0D,  2.006,  0.000, 43.235,   337
125.537, -1.898,   none, 0D,  1.923,  0.000, 43.139,   337
125.625, -1.938,   none, 0D,  1.836,  0.000, 43.139,   337
125.752, -1.981,   none, 0D,  1.753,  0.000, 43.043,   337
125.840, -2.030,   none, 0D,  1.665,  0.000, 43.043,   337
125.927, -2.069,   none, 0D,  1.577,  0.000, 43.043,   337
126.054, -2.102,   none, 0D,  1.494,  0.000, 42.948,   337
126.142, -2.113,   Li12, 0D,  1.407,  0.000, 42.948,   231
126.223, -2.100,   none, 0D,  1.407,  0.081, 42.948,   231
126.304, -2.061,   none, 0D,  1.407,  0.162, 42.948,   231
126.460, -2.013,   none, 0D,  1.314,  0.243, 43.043,   231
126.541, -1.956,   none, 0D,  1.314,  0.324, 43.043,   231
126.660, -1.897,   none, 0D,  1.226,  0.405, 43.043,   231
126.816, -1.843,   none, 0D,  1.133,  0.486, 43.139,   231
126.897, -1.804,   none, 0D,  1.133,  0.567, 43.139,   231
127.053, -1.765,   none, 0D,  1.041,  0.649, 43.235,   231
127.134, -1.746,   none, 0D,  1.041,  0.730, 43.235,   231
127.254, -1.737,   none, 0D,  0.953,  0.811, 43.235,   231
127.410, -1.735, saddle, 0D,  0.860,  0.892, 43.330,   231
127.491, -1.739,   none, 0D,  0.860,  0.973, 43.330,   231
127.647, -1.745,   none, 0D,  0.768,  1.054, 43.426,   231
127.766, -1.760,   none, 0D,  0.680,  1.135, 43.426,   231
127.922, -1.766,   none, 0D,  0.587,  1.216, 43.522,   231
128.003, -1.776,   none, 0D,  0.587,  1.297, 43.522,   231
128.123, -1.780,   none, 0D,  0.499,  1.378, 43.522,   231
128.278, -1.784, Li_i16, 0D,  2.633,  1.459,  0.000,   153
128.434, -1.779,   none, 0D,  2.541,  1.540,  0.096,   153
128.554, -1.776,   none, 0D,  2.453,  1.621,  0.096,   153
128.635, -1.766,   none, 0D,  2.453,  1.702,  0.096,   153
128.791, -1.759,   none, 0D,  2.360,  1.783,  0.191,   153
128.910, -1.745,   none, 0D,  2.273,  1.864,  0.191,   153
129.066, -1.737,   none, 0D,  2.180,  1.946,  0.287,   153
129.147, -1.734, saddle, 0D,  2.180,  2.027,  0.287,   153
129.303, -1.734,   none, 0D,  2.087,  2.108,  0.383,   153
129.423, -1.744,   none, 0D,  1.999,  2.189,  0.383,   153
129.504, -1.763,   none, 0D,  1.999,  2.270,  0.383,   153
129.660, -1.801,   none, 0D,  1.907,  2.351,  0.478,   153
129.741, -1.841,   none, 0D,  1.907,  2.432,  0.478,   153
129.897, -1.894,   none, 0D,  1.814,  2.513,  0.574,   153
130.016, -1.954,   none, 0D,  1.726,  2.594,  0.574,   153
130.097, -2.012,   none, 0D,  1.726,  2.675,  0.574,   153
130.253, -2.059,   none, 0D,  1.634,  2.756,  0.670,   153
130.334, -2.098,   none, 0D,  1.634,  2.837,  0.670,   153
130.415, -2.111,    Li5, 0D,  1.634,  2.918,  0.670,   128
130.511, -2.092,   none, 0D,  1.629,  2.918,  0.765,   128
130.607, -2.052,   none, 0D,  1.624,  2.918,  0.861,   128
130.703, -2.001,   none, 0D,  1.619,  2.918,  0.957,   128
130.798, -1.947,   none, 0D,  1.614,  2.918,  1.052,   128
130.894, -1.896,   none, 0D,  1.609,  2.918,  1.148,   128
130.990, -1.851,   none, 0D,  1.604,  2.918,  1.243,   128
131.086, -1.816,   none, 0D,  1.600,  2.918,  1.339,   128
131.181, -1.792,   none, 0D,  1.595,  2.918,  1.435,   128
131.277, -1.781,   none, 0D,  1.590,  2.918,  1.530,   128
131.373, -1.780, saddle, 0D,  1.585,  2.918,  1.626,   128
131.469, -1.789,   none, 0D,  1.580,  2.918,  1.722,   128
131.565, -1.804,   none, 0D,  1.575,  2.918,  1.817,   128
131.691, -1.825,   none, 0D,  1.658,  2.918,  1.913,   128
131.787, -1.847,   none, 0D,  1.653,  2.918,  2.009,   128
131.883, -1.868,   none, 0D,  1.648,  2.918,  2.104,   128
131.978, -1.885,   none, 0D,  1.643,  2.918,  2.200,   128
132.074, -1.898,   none, 0D,  1.638,  2.918,  2.296,   128
132.170, -1.906,   none, 0D,  1.634,  2.918,  2.391,   128
132.266, -1.908, Li_i34, 0D,  1.629,  2.918,  2.487,   134
132.362, -1.906,   none, 0D,  1.624,  2.918,  2.583,   134
132.457, -1.899,   none, 0D,  1.619,  2.918,  2.678,   134
132.553, -1.888,   none, 0D,  1.614,  2.918,  2.774,   134
132.649, -1.876,   none, 0D,  1.609,  2.918,  2.870,   134
132.745, -1.862,   none, 0D,  1.604,  2.918,  2.965,   134
132.840, -1.850,   none, 0D,  1.599,  2.918,  3.061,   134
132.936, -1.841,   none, 0D,  1.595,  2.918,  3.157,   134
133.032, -1.837, saddle, 0D,  1.590,  2.918,  3.252,   134
133.128, -1.839,   none, 0D,  1.585,  2.918,  3.348,   134
133.224, -1.848,   none, 0D,  1.580,  2.918,  3.443,   134
133.319, -1.865,   none, 0D,  1.575,  2.918,  3.539,   134
133.415, -1.890,   none, 0D,  1.570,  2.918,  3.635,   134
133.511, -1.921,   none, 0D,  1.565,  2.918,  3.730,   134
133.607, -1.956,   none, 0D,  1.560,  2.918,  3.826,   134
133.702, -1.993,   none, 0D,  1.555,  2.918,  3.922,   134
133.798, -2.028,   none, 0D,  1.551,  2.918,  4.017,   134
133.894, -2.056,   none, 0D,  1.546,  2.918,  4.113,   134
133.990, -2.071,  Li_i5, 0D,  1.541,  2.918,  4.209,   212
134.078, -2.062,   none, 0D,  1.629,  2.918,  4.209,   212
134.204, -2.037,   none, 0D,  1.711,  2.918,  4.304,   212
134.292, -2.003,   none, 0D,  1.799,  2.918,  4.304,   212
134.380, -1.958,   none, 0D,  1.887,  2.918,  4.304,   212
134.506, -1.918,   none, 0D,  1.970,  2.918,  4.400,   212
134.594, -1.875,   none, 0D,  2.058,  2.918,  4.400,   212
134.721, -1.839,   none, 0D,  2.141,  2.918,  4.496,   212
134.808, -1.810,   none, 0D,  2.228,  2.918,  4.496,   212
134.935, -1.783,   none, 0D,  2.311,  2.918,  4.591,   212
135.023, -1.771,   none, 0D,  2.399,  2.918,  4.591,   212
135.111, -1.760,   none, 0D,  2.487,  2.918,  4.591,   212
135.237, -1.756, saddle, 0D,  2.570,  2.918,  4.687,   212
135.325, -1.761,   none, 0D,  2.658,  2.918,  4.687,   212
135.413, -1.766,   none, 0D,  2.745,  2.918,  4.687,   212
135.500, -1.772,   none, 0D,  2.833,  2.918,  4.687,   212
135.627, -1.785,   none, 0D,  2.916,  2.918,  4.783,   212
135.715, -1.798,   none, 0D,  3.004,  2.918,  4.783,   212
135.803, -1.809,   none, 0D,  3.092,  2.918,  4.783,   212
135.890, -1.818,   none, 0D,  3.179,  2.918,  4.783,   212
135.978, -1.823,   none, 0D,  3.267,  2.918,  4.783,   212
136.105, -1.828,   none, 0D,  3.350,  2.918,  4.878,   212
